# iso_filename, spec_min, spec_max, norm_factor (shift first, then norm!!)
spectra/02400714_irs.pkl,-3.9378679,285.0948,164.7205999051585
spectra/02400807_irs.pkl,-1.6438701,316.96652,172.59294082820296
spectra/02400910_irs.pkl,7.120657,325.5107,121.92229125214666
spectra/02401183_irs.pkl,16.24139,2484.5461,1750.9524342166524
spectra/02401579_irs.pkl,17.58409,377.03943,359.036865234375
spectra/02402105_irs.pkl,21.200792,391.62296,368.05401611328125
spectra/02800433_irs.pkl,61.239483,2890.1858,2811.4178932802515
spectra/02800908_irs.pkl,-0.5112985,330.17453,153.41357220088014
spectra/03201129_irs.pkl,7.4195876,40.44875,21.20450343802106
spectra/03201202_irs.pkl,5.304214,323.91016,129.9616870567123
spectra/03602226_irs.pkl,1.9047687,21.864653,19.959884643554688
spectra/04000458_irs.pkl,7.9292684,86.594124,65.46437393237409
spectra/04000652_irs.pkl,7.8080826,75.69962,51.074543586911446
spectra/04001456_irs.pkl,-0.7898077,26.270678,22.588212770591536
spectra/04001710_irs.pkl,0.611385,23.85894,20.587696075439453
spectra/04002405_irs.pkl,18.669706,414.4873,395.8175964355469
spectra/05200726_irs.pkl,3076.602,6181.7485,2985.5857927861202
spectra/05601291_irs.pkl,111.760025,2080.423,1968.663091082807
spectra/05602477_irs.pkl,-9.782857,91.09589,85.49365672408459
spectra/05602595_irs.pkl,71.66951,1127.6836,1056.0140388593097
spectra/05602852_irs.pkl,238.36098,1900.6403,1546.243981885808
spectra/06000280_irs.pkl,-43.8575,1321.028,1322.844390203876
spectra/06001362_irs.pkl,-15.919108,15.948588,26.488113403320316
spectra/06401081_irs.pkl,67.46178,4770.331,4657.1298478594235
spectra/06800697_irs.pkl,6.9677277,52.631554,45.66382598876953
spectra/07100250_irs.pkl,0.0,53078.023,49059.281414608486
spectra/07100434_irs.pkl,59.07028,1766.8455,1707.775146484375
spectra/07100579_irs.pkl,13.048892,242.10905,217.96194502794785
spectra/07200272_irs.pkl,10.337289,47.190254,30.048743190586016
spectra/07200351_irs.pkl,12.523286,32.387547,18.593806612667823
spectra/07200459_irs.pkl,6.02766,155.70738,148.61803032408147
spectra/07200660_irs.pkl,-8.775715,279.52695,271.3263626274337
spectra/07201132_irs.pkl,14.024471,66.25858,52.23411178588867
spectra/07900620_irs.pkl,11.241958,31.14945,19.591312411248232
spectra/07900723_irs.pkl,10.611434,162.8394,145.42015285057573
spectra/07901027_irs.pkl,57.46337,337.69348,274.31386383653233
spectra/07901133_irs.pkl,12.016088,132.70988,119.58776086518202
spectra/07901201_irs.pkl,-6.8437996,126.99796,27.608720720126435
spectra/07901307_irs.pkl,142.56924,2702.5386,2525.4072265625
spectra/07901402_irs.pkl,58.071922,148.5187,82.250739196475
spectra/07901809_irs.pkl,126.12762,1059.3009,933.1732779533517
spectra/07902010_irs.pkl,-0.8589506,77.455,67.04867464545094
spectra/07902104_irs.pkl,-0.40520293,84.0216,52.54685859981821
spectra/07902231_irs.pkl,5.186305,334.90747,313.4994405309724
spectra/07902703_irs.pkl,3.611089,75.8831,67.32159668389312
spectra/07902909_irs.pkl,-23.472338,5.0680513,25.03851523811349
spectra/07903010_irs.pkl,65.13904,324.94556,248.28253103029556
spectra/07903307_irs.pkl,6.087559,321.67435,300.8218342083695
spectra/07903403_irs.pkl,3.5461998,452.4963,448.9501037597656
spectra/08000130_irs.pkl,-17.103365,78.31014,95.41350555419922
spectra/08000345_irs.pkl,-0.6476382,21.473343,17.01213673701088
spectra/08000921_irs.pkl,14.51964,78.59557,64.07593536376953
spectra/08001274_irs.pkl,264.5413,2075.5312,1679.7052696599542
spectra/08001522_irs.pkl,-3.253559,26.16322,28.386491774879374
spectra/08001631_irs.pkl,2.039506,75.049286,73.00978088378906
spectra/08001855_irs.pkl,105.48439,801.35486,672.1604349845069
spectra/08001921_irs.pkl,70.70349,463.8832,359.2552100257876
spectra/08002002_irs.pkl,18.96662,71.75992,52.793296813964844
spectra/08101310_irs.pkl,-7.332274,121.050644,55.10030273471558
spectra/08101808_irs.pkl,33.22554,658.4141,622.1920776367188
spectra/08200369_irs.pkl,307.85483,6130.7866,5733.10693359375
spectra/08200444_irs.pkl,-7.4294167,20.367548,25.140472030447103
spectra/08200502_irs.pkl,231.79951,2058.563,1826.7634269050152
spectra/08200606_irs.pkl,18.433619,58.861477,27.90778518665256
spectra/08200810_irs.pkl,0.6274117,85.56318,84.9357681274414
spectra/08201001_irs.pkl,-7.8156266,24.611103,31.836361056329142
spectra/08201127_irs.pkl,-8.969331,11.326962,17.09299468682378
spectra/08201231_irs.pkl,11.6665745,426.91492,415.24835205078125
spectra/08201905_irs.pkl,140.09013,1162.9702,1022.8800581922106
spectra/08202007_irs.pkl,20.524544,94.85087,71.61449501262098
spectra/08202304_irs.pkl,-10.146491,3.0596848,10.729730606079102
spectra/08202437_irs.pkl,13.270797,194.45367,176.35696411132812
spectra/08302021_irs.pkl,-0.7338558,34.74493,29.54537320804922
spectra/08400628_irs.pkl,-1.3481816,54.81273,49.64944048493764
spectra/08400730_irs.pkl,3.9188564,79.197044,74.70317830717237
spectra/08400808_irs.pkl,-7.1047072,56.170273,32.39402255400418
spectra/08401033_irs.pkl,20.490532,419.3019,379.27539382802263
spectra/08401219_irs.pkl,12.513946,50.523464,18.2854544035101
spectra/08402527_irs.pkl,30.762747,326.43527,287.58741848725725
spectra/08402713_irs.pkl,-9.187864,210.15999,52.75242835537061
spectra/08402942_irs.pkl,1.6474911,22.44599,15.675441787023512
spectra/08403013_irs.pkl,167.70865,731.9589,531.6304648719624
spectra/08501105_irs.pkl,-1.3881056,44.53274,41.867526534463565
spectra/08501401_irs.pkl,1.2230895,36.946903,30.971334287413214
spectra/08502452_irs.pkl,-0.9653582,90.05537,87.75637651049371
spectra/08902004_irs.pkl,528.5143,4991.8936,4463.37939453125
spectra/09101922_irs.pkl,54.915417,4078.5293,3987.956541515949
spectra/09101923_irs.pkl,-8.343387,7.1612897,9.78047753387448
spectra/09101924_irs.pkl,-7.0753174,16.406254,11.810499780289557
spectra/09101925_irs.pkl,-10.635485,3.4634504,11.678198101432589
spectra/09102647_irs.pkl,20.181376,2636.0117,2601.1733764919995
spectra/09200604_irs.pkl,0.5061266,13.447272,7.207038666810549
spectra/09200725_irs.pkl,-3.675003,8.546361,5.717977502510582
spectra/09200727_irs.pkl,-9.8946,5.710358,13.457525253295898
spectra/09200828_irs.pkl,-5.6138935,10.648901,11.037132508077573
spectra/09400716_irs.pkl,4.785485,725.0212,551.3436406018125
spectra/09401025_irs.pkl,22.056639,5464.8804,5393.40540300557
spectra/09401206_irs.pkl,6.819733,104.80357,96.43656950622578
spectra/09401801_irs.pkl,147.57014,4309.27,3621.1729606639597
spectra/09401905_irs.pkl,16.528975,2074.2341,1896.5702100309773
spectra/09402123_irs.pkl,-3.4882271,367.0674,342.7990532323265
spectra/09500203_irs.pkl,5.1695786,1215.9982,1090.6215865554855
spectra/09500348_irs.pkl,2.6898882,26.681025,20.068877510011834
spectra/09500544_irs.pkl,7.658179,27.55736,13.42844505600369
spectra/09500646_irs.pkl,-23.715912,40.11341,49.60174120180776
spectra/09502846_irs.pkl,90.13508,476.93668,367.06760617509923
spectra/09604831_irs.pkl,40.75714,242.94864,185.90722923181514
spectra/09801532_irs.pkl,8.041666,655.13104,642.7037564363959
spectra/09900171_irs.pkl,655.46893,3460.895,2677.7125618402906
spectra/09900212_irs.pkl,5.3746424,2819.8533,1410.8256917854196
spectra/09900214_irs.pkl,14.758004,2455.4287,1635.0769231712834
spectra/09900216_irs.pkl,5.602148,671.79443,638.9107540424525
spectra/09900218_irs.pkl,3.6346936,171.54878,161.4144406153635
spectra/09901027_irs.pkl,-1.3267845,8308.33,8230.944971570014
spectra/09901105_irs.pkl,3.7835743,160.98238,104.59031063326685
spectra/09901106_irs.pkl,0.18062131,77.45384,28.22152142678606
spectra/09901207_irs.pkl,71.44312,504.36453,424.0645558569191
spectra/09901413_irs.pkl,16.961784,3071.8118,1570.4690175507453
spectra/09901415_irs.pkl,12.537981,1185.3771,999.7223193917171
spectra/09901417_irs.pkl,-0.40341076,225.58617,222.77305658335766
spectra/09901419_irs.pkl,5.1909137,103.68388,87.31961151955804
spectra/10100310_irs.pkl,-0.49739006,23.989164,15.396180702071227
spectra/10101714_irs.pkl,18.200111,82.31875,63.33738708496094
spectra/10101909_irs.pkl,-5.0179334,39.471203,38.82490780733467
spectra/10200126_irs.pkl,14.642926,437.96545,423.173095703125
spectra/10200835_irs.pkl,3.2577324,53.08931,49.83157730102539
spectra/10201811_irs.pkl,-4.0889297,1278.0928,617.3831533966959
spectra/10201820_irs.pkl,0.85089564,87.31602,63.22180449698382
spectra/10201908_irs.pkl,24.343102,184.35674,155.18062558096668
spectra/10300636_irs.pkl,-4.522333,214.93474,212.42892868180746
spectra/10400424_irs.pkl,7.4003572,22.878437,11.694695924535294
spectra/10400818_irs.pkl,2.7763386,42.730534,36.88710223080038
spectra/10401225_irs.pkl,-12.707335,2034.9365,1963.3558180932368
spectra/10401575_irs.pkl,-0.14046367,19.009706,15.330714466582764
spectra/10402046_irs.pkl,7.769133,45.53124,36.43604961019217
spectra/10402442_irs.pkl,-8.30107,6.315242,9.102372620831684
spectra/10402952_irs.pkl,3.805168,34.89283,26.460128351201277
spectra/10600409_irs.pkl,5.9905214,64.988945,56.06353667933709
spectra/10600514_irs.pkl,1.795507,66.65386,60.88366407348188
spectra/10601001_irs.pkl,18.883791,118.88753,100.00373840332031
spectra/10703103_irs.pkl,9.0405445,33.194225,20.135039930824618
spectra/10802509_irs.pkl,8.451139,93.70679,84.19144439697266
spectra/10802940_irs.pkl,3.9928563,144.67224,131.1323416545349
spectra/11101103_irs.pkl,15.863797,299.08264,275.4001988598328
spectra/11101727_irs.pkl,29.45849,225.6774,180.754242656509
spectra/11103947_irs.pkl,52.74847,897.82324,845.0747680664062
spectra/11105149_irs.pkl,27.736221,135.36005,101.29967603928036
spectra/11301301_irs.pkl,-3.8531053,28.984047,22.18973798727275
spectra/11301444_irs.pkl,18.511667,972.60754,924.9724862769609
spectra/11401742_irs.pkl,-1.3539331,279.64713,279.08028123146136
spectra/11402015_irs.pkl,4.5352483,40.694546,34.496726989746094
spectra/11501805_irs.pkl,-6.0096555,53.488106,50.24038701241916
spectra/11600319_irs.pkl,3.249874,520.23193,382.94576537172827
spectra/11601203_irs.pkl,9.019053,102.6166,93.08252716064453
spectra/11701107_irs.pkl,-1.0819433,36.996864,32.19024188428215
spectra/11701221_irs.pkl,-8.842772,667.10767,389.56745742054
spectra/11701311_irs.pkl,34.256786,1666.1412,1620.2942056760562
spectra/11702216_irs.pkl,21.055338,2490.9673,1600.00363073387
spectra/11800205_irs.pkl,2.2057662,32.916622,21.145355230221057
spectra/11800206_irs.pkl,-0.76345325,7.5641675,7.119831198595545
spectra/11801514_irs.pkl,-8.625861,34.099155,37.68697290957573
spectra/11801612_irs.pkl,-8.897501,40.971996,45.39338767717136
spectra/11802102_irs.pkl,-21.33536,24.19217,36.06383144394129
spectra/12000604_irs.pkl,26.42773,203.43277,177.00503540039062
spectra/12000774_irs.pkl,-9.67875,3.0246189,12.040114900324117
spectra/12101602_irs.pkl,11.688961,78.25177,65.53984041272682
spectra/12102004_irs.pkl,-0.91437685,105.013756,102.52548888094736
spectra/12103028_irs.pkl,14.439152,592.7426,578.303466796875
spectra/12200329_irs.pkl,115.4548,522.6901,407.2353210449219
spectra/12202004_irs.pkl,-3.4025774,35.495552,33.74813401926962
spectra/12302133_irs.pkl,5.5013294,1739.2994,1138.6996308351113
spectra/12302238_irs.pkl,5.409641,1494.4315,1339.937193097587
spectra/12302539_irs.pkl,18.12143,1236.0569,559.2019354803422
spectra/12402160_irs.pkl,9.072765,28.262413,17.393140047983813
spectra/12500843_irs.pkl,5.2239265,244.10747,235.10811284972687
spectra/12601117_irs.pkl,36.75766,76.38959,39.631927490234375
spectra/12601216_irs.pkl,69.38315,381.33533,297.56884765625
spectra/12601315_irs.pkl,22.348566,443.7212,421.37261962890625
spectra/12601418_irs.pkl,19.271635,450.43427,431.1626281738281
spectra/12601519_irs.pkl,18.236563,431.19736,412.86529541015625
spectra/12601721_irs.pkl,19.909523,447.4402,427.5306701660157
spectra/12700917_irs.pkl,44.316063,307.24353,252.7544189210971
spectra/12701432_irs.pkl,82.94671,429.8278,327.3749687223642
spectra/12702002_irs.pkl,-25.49274,36.759975,31.732190990555377
spectra/12801105_irs.pkl,10.095018,106.25086,96.15584564208984
spectra/12801311_irs.pkl,172.89056,2654.2295,2442.102977570373
spectra/12801416_irs.pkl,53.85502,10558.821,10403.882844708402
spectra/13001348_irs.pkl,4.7318816,61.487617,55.148835805790604
spectra/13201304_irs.pkl,0.3374711,59.80362,59.39955902310885
spectra/13400705_irs.pkl,-2.033341,17.997402,15.904258232944066
spectra/13400810_irs.pkl,3.6512074,69.17496,18.973847872226735
spectra/13401107_irs.pkl,4.25095,52.64435,36.4399843477829
spectra/13401806_irs.pkl,-2.9724562,112.12722,31.114899079772336
spectra/13401911_irs.pkl,-7.940957,8.390437,14.486601557681226
spectra/13402006_irs.pkl,-4.111549,36.07688,30.752069778868947
spectra/13402168_irs.pkl,8.085342,1221.1356,1206.4139529284364
spectra/13501003_irs.pkl,-0.29808635,34.198486,29.354380304693557
spectra/13502641_irs.pkl,35.338078,1751.169,1061.3198343934705
spectra/13502736_irs.pkl,51.801807,4665.38,4559.31185213261
spectra/13600731_irs.pkl,-5.619912,20.61739,23.207679401405336
spectra/13600935_irs.pkl,73.52031,3790.8064,3226.3657205503823
spectra/13601359_irs.pkl,5.2909384,24.445631,15.754871045251395
spectra/13601533_irs.pkl,-4.5928726,95.03025,93.65567763658788
spectra/13601695_irs.pkl,234.60973,3182.5908,2774.7019510345126
spectra/13601739_irs.pkl,2.94048,29.948423,26.404886248244434
spectra/13601925_irs.pkl,-2.5553324,11.360357,10.206427770015093
spectra/13602083_irs.pkl,44.949978,396.62082,307.4437800535376
spectra/13602128_irs.pkl,20.064878,86.30852,41.84442871123041
spectra/13900707_irs.pkl,-9.572859,19.697357,11.105436926991752
spectra/13901048_irs.pkl,5.7998824,59.799755,46.453653508769484
spectra/13901508_irs.pkl,0.0073349765,25.600677,11.320735698312916
spectra/13901709_irs.pkl,-3.2032065,75.3419,26.26425234361893
spectra/14100205_irs.pkl,-12.920925,74.89756,60.014956700541845
spectra/14100458_irs.pkl,52.68194,166.01532,106.03366623594911
spectra/14100603_irs.pkl,0.45630696,11.971649,6.453793187588345
spectra/14100818_irs.pkl,4.4446883,50.57035,45.15515596494798
spectra/14101101_irs.pkl,8.446782,67.79296,56.772778461385904
spectra/14101343_irs.pkl,10.265702,75.92502,60.626492664974975
spectra/14300723_irs.pkl,-9.859046,238.75742,248.6164554310206
spectra/14302273_irs.pkl,10.06212,48.505764,16.05873852404458
spectra/14302717_irs.pkl,2.2682753,32.84823,25.534231494043667
spectra/14400108_irs.pkl,0.58053076,62.843906,62.2633740516065
spectra/14400346_irs.pkl,-5.89398,206.45183,205.94490462715197
spectra/14401129_irs.pkl,81.03495,991.5264,905.2361450195312
spectra/14401412_irs.pkl,109.853004,2600.6614,2490.808349609375
spectra/14401702_irs.pkl,95.70341,945.28125,849.5778198242188
spectra/14401801_irs.pkl,85.660034,547.488,461.82794189453125
spectra/14601350_irs.pkl,46.510906,5024.7124,4932.264680391783
spectra/14800102_irs.pkl,-4.545862,36.51969,33.646796812805896
spectra/14800210_irs.pkl,2.076966,50.776432,41.31713713273197
spectra/14801636_irs.pkl,5.2014976,537.162,524.623456867485
spectra/14802136_irs.pkl,5.152501,1202.3083,1185.0326027559397
spectra/14900323_irs.pkl,7.439668,1185.8313,1166.6135812694747
spectra/14900804_irs.pkl,5.1399846,76.89762,57.54015794163752
spectra/14901407_irs.pkl,1.1272098,150.37547,63.98331911698224
spectra/15000444_irs.pkl,1.3850008,818.4325,813.554089141405
spectra/15001041_irs.pkl,-4.651785,337.83047,186.68751728264397
spectra/15101105_irs.pkl,1.774648,60.105362,46.39105452076513
spectra/15200555_irs.pkl,-0.78844035,1220.3799,1208.3791740245001
spectra/15200813_irs.pkl,-5.9528966,48.563923,48.78907207637768
spectra/15201140_irs.pkl,3.7182283,343.47156,338.2347314836036
spectra/15201383_irs.pkl,9.793933,3129.6235,2883.3760041563482
spectra/15201645_irs.pkl,6.967999,535.1369,457.3488674756989
spectra/15201791_irs.pkl,23.918959,882.93353,852.2208619243079
spectra/15301566_irs.pkl,51.065536,617.83606,525.6031045565737
spectra/15900437_irs.pkl,141.77046,1855.0216,1712.7042236328125
spectra/15901205_irs.pkl,14.768366,66.238045,46.273939517957345
spectra/15901777_irs.pkl,-0.4785161,101.80407,91.69616046450952
spectra/15901853_irs.pkl,3.7370658,609.1056,586.0144621513892
spectra/16000806_irs.pkl,28.390799,292.75653,263.29730274410645
spectra/16000926_irs.pkl,23.831533,377.74933,343.9290221190219
spectra/16001527_irs.pkl,7.133549,137.32605,129.21549953729567
spectra/16401105_irs.pkl,-4.79517,8.01227,10.056821139800466
spectra/16401849_irs.pkl,-5.7481265,98.70607,99.27045475376025
spectra/16402151_irs.pkl,27.761396,257.46072,220.5646271762048
spectra/16402335_irs.pkl,231.03267,840.46545,597.3348100431157
spectra/16402602_irs.pkl,8.674995,59.394405,47.31456756591797
spectra/16700767_irs.pkl,1.1727746,18.763027,11.995030567116402
spectra/17000529_irs.pkl,1.9333416,41.53034,25.390906490769485
spectra/17001027_irs.pkl,-8.559102,43.50945,46.94808056230387
spectra/17100101_irs.pkl,3.953741,77.81285,64.27522277832031
spectra/17100205_irs.pkl,10.622586,305.9031,276.38722572110834
spectra/17100512_irs.pkl,-0.4040841,350.3159,194.4227330348441
spectra/17101710_irs.pkl,-9.437142,24.769205,19.674801298314286
spectra/17101809_irs.pkl,-7.542413,6.421037,9.664988745493709
spectra/17101907_irs.pkl,-2.387201,11.102627,9.578939986245832
spectra/17102008_irs.pkl,-2.929449,19.765425,20.20637081894635
spectra/17200523_irs.pkl,-0.12602797,23.312092,20.031384786094684
spectra/17201135_irs.pkl,-2.0423558,19.432411,20.006001972354632
spectra/17300749_irs.pkl,-12.617167,60.329994,72.94715881347656
spectra/17301206_irs.pkl,42.70079,318.20316,270.72131314774145
spectra/17400603_irs.pkl,-0.31971207,21.637035,15.253695080603098
spectra/17600204_irs.pkl,5.687232,15.964381,9.201720458607774
spectra/17600305_irs.pkl,-3.1650004,7.674552,6.222183499221087
spectra/17600529_irs.pkl,-6.5647926,38.035328,39.000454176282716
spectra/17601108_irs.pkl,-1.9822807,21.736135,17.779347280257305
spectra/17601109_irs.pkl,-4.6141253,18.024553,14.29252820799882
spectra/17701049_irs.pkl,55.11687,4313.8184,4227.394205035696
spectra/17701258_irs.pkl,3.7368069,252.89778,234.16625083396858
spectra/17800501_irs.pkl,16.089058,135.39601,119.30695352153981
spectra/17800870_irs.pkl,-2.096558,17.392685,16.821652296073868
spectra/17800872_irs.pkl,-4.9704523,5.4938188,7.447680339113919
spectra/17800876_irs.pkl,-7.2690682,4.4929476,9.846518786820807
spectra/17801806_irs.pkl,-1.8344599,57.196045,46.34782763572472
spectra/17900204_irs.pkl,-6.673506,7.3278723,12.179651292626618
spectra/17902439_irs.pkl,-1.7895463,38.386845,35.618236995616925
spectra/17902503_irs.pkl,3.628888,55.40675,51.777862548828125
spectra/17902728_irs.pkl,20.656235,164.30017,138.28670195995795
spectra/18000101_irs.pkl,12.723985,55.131134,27.689393258956645
spectra/18100530_irs.pkl,180.81497,1963.2926,1686.1995199240287
spectra/18100805_irs.pkl,1.1828562,114.533966,113.3511126420942
spectra/18101101_irs.pkl,3.5779686,41.747936,33.3696851386873
spectra/18101102_irs.pkl,-2.0557313,11.007692,9.969578068037546
spectra/18101405_irs.pkl,5.213106,28.75982,17.295098174283474
spectra/18205639_irs.pkl,21.280409,440.43176,419.10101318359375
spectra/18300807_irs.pkl,-15.297253,5.701902,19.124920389319605
spectra/18300904_irs.pkl,-2.8525295,37.34317,35.74820594945646
spectra/18301603_irs.pkl,-5.336593,92.08506,95.812871851983
spectra/18500307_irs.pkl,-4.5858183,57.15835,58.32524758503686
spectra/18500531_irs.pkl,-2.761166,86.51632,86.30847208260766
spectra/18500622_irs.pkl,12.521066,31.502075,18.981010464869758
spectra/18500704_irs.pkl,72.715324,222.22289,96.4339637083722
spectra/18800749_irs.pkl,12.075153,59.81605,47.5798454284668
spectra/18900244_irs.pkl,6.9733715,33.619064,20.693513502826008
spectra/19001011_irs.pkl,-4.376495,13.567218,9.505859226465764
spectra/19200933_irs.pkl,-8.922166,582.2929,588.8577486925393
spectra/19501504_irs.pkl,-12.50731,6.0580335,15.86885977012261
spectra/19700159_irs.pkl,-1885.72,37257.785,38098.99799624707
spectra/20000101_irs.pkl,-4.9974937,13.8252325,13.805222803882424
spectra/20201816_irs.pkl,-16.2821,7.4149494,22.61401583450534
spectra/20601232_irs.pkl,7.3557515,59.30462,51.94886779785156
spectra/20601346_irs.pkl,22.141176,1150.6986,1128.557373046875
spectra/20601527_irs.pkl,-3.0255456,30.635511,32.320845600073014
spectra/20601613_irs.pkl,28.86815,1077.9021,1049.0339354278876
spectra/20700801_irs.pkl,-8.159546,30.79012,38.63195021342108
spectra/20700802_irs.pkl,-5.046034,17.139193,16.204806224019784
spectra/20700803_irs.pkl,-6.5033784,5.5447917,7.565339065949393
spectra/21100138_irs.pkl,-5.423738,183.73642,181.28796056024592
spectra/21304923_irs.pkl,-9.511337,10.444814,15.417641405112809
spectra/21900653_irs.pkl,-23.742285,9.114141,32.85642640976614
spectra/22000706_irs.pkl,-6.9785156,17.80783,19.50986763114113
spectra/22000961_irs.pkl,-2.8600008,408.27985,281.96470912249936
spectra/22001506_irs.pkl,-2.9506817,990.1542,952.4326579986983
spectra/22001801_irs.pkl,-0.48801604,36.5575,21.971501246197512
spectra/22001905_irs.pkl,-7.046534,8.316548,8.794432124440348
spectra/22002135_irs.pkl,57.764286,4127.5337,4037.044117938748
spectra/22101143_irs.pkl,-4.198186,15.008732,12.81764412817651
spectra/22400153_irs.pkl,2.6874976,91.40551,71.08781560551392
spectra/23001256_irs.pkl,23.798426,2400.6143,1610.181670056887
spectra/23001357_irs.pkl,31.353157,2410.9292,1540.6821746726212
spectra/23001458_irs.pkl,32.401558,2450.2776,1561.6138306610549
spectra/23200502_irs.pkl,-6.9255114,11.090582,14.202427121895896
spectra/23300112_irs.pkl,5.5222793,38.471268,28.966374186990723
spectra/23300524_irs.pkl,9.451821,29.36863,19.282056353263563
spectra/23701861_irs.pkl,0.0,76433.73,71575.05210020178
spectra/24001208_irs.pkl,2.2946587,20.083258,9.554139225654804
spectra/24001729_irs.pkl,3.8475654,17.744093,9.721830019011165
spectra/24002304_irs.pkl,-1.1061949,18.786167,12.615238124372217
spectra/24201225_irs.pkl,-2.0328286,414.0259,416.0587463378906
spectra/24402462_irs.pkl,-39.80065,79.56064,113.25328826904297
spectra/24402563_irs.pkl,4.077364,154.69823,134.0851550293524
spectra/24402664_irs.pkl,7.89425,317.6654,300.60894775390625
spectra/24402765_irs.pkl,48.83855,1415.3308,1366.4923095703125
spectra/24402866_irs.pkl,62.542465,1507.6216,1445.0791015625
spectra/24402967_irs.pkl,71.04063,1583.579,1512.538330078125
spectra/24403068_irs.pkl,41.81946,1672.2925,1630.4730224609375
spectra/24403169_irs.pkl,63.21493,1592.5416,1529.32666015625
spectra/24403270_irs.pkl,62.038418,1269.0033,1193.855712890625
spectra/24403371_irs.pkl,84.22772,683.6382,599.4104614257812
spectra/24403472_irs.pkl,58.022655,1811.2764,1752.717041015625
spectra/24601053_irs.pkl,15.520767,220.61893,201.29521983239832
spectra/24700319_irs.pkl,104.59456,563.70325,459.1087036132813
spectra/24701012_irs.pkl,45.015076,309.538,250.874353365557
spectra/24701422_irs.pkl,-4.0710855,392.27365,378.6312171742158
spectra/24800101_irs.pkl,14.139067,316.2285,295.23221852814095
spectra/24800223_irs.pkl,220.58183,1305.5398,1084.9580092288356
spectra/24800307_irs.pkl,-24.581944,5.865415,25.78558384641351
spectra/24800452_irs.pkl,-3.2228582,26.04151,27.136477479463544
spectra/24800901_irs.pkl,-10.954932,3.875469,12.125142167281753
spectra/24801102_irs.pkl,9.017868,46.222553,35.78569030761719
spectra/24900158_irs.pkl,5.4833517,2622.7217,2533.5979937474467
spectra/24900215_irs.pkl,-0.28717145,40.254364,27.5116363055108
spectra/24900846_irs.pkl,2.0429053,19.439528,10.403009414672852
spectra/25000467_irs.pkl,9.648664,288.15698,135.42717360465227
spectra/25302001_irs.pkl,-1.7693492,26.40655,28.175899495173383
spectra/25302002_irs.pkl,-12.685932,4.1179576,14.132916166224778
spectra/25302015_irs.pkl,-5.730699,14.96925,13.724151897333869
spectra/25302224_irs.pkl,4.4871078,192.67978,188.19267272949222
spectra/25400160_irs.pkl,4.2526565,54.643433,38.18705420292152
spectra/25400259_irs.pkl,-2.9069455,181.03203,175.18148512628002
spectra/25400410_irs.pkl,7.14649,50.243065,39.68126576961564
spectra/25500248_irs.pkl,3.4200292,82.09878,77.6077893161491
spectra/25600907_irs.pkl,-0.20078221,12.682612,11.027803915759716
spectra/25601501_irs.pkl,-7.5171266,19.06711,24.05377034553666
spectra/25806177_irs.pkl,60.305676,2477.9512,2413.371337890625
spectra/25900905_irs.pkl,-4.128689,7.558876,9.290189742412768
spectra/25900906_irs.pkl,-7.798138,9.05327,10.365238718481315
spectra/25901312_irs.pkl,30.228786,118.18524,80.01375827203054
spectra/25901414_irs.pkl,-6.3353477,737.76794,658.9075686368774
spectra/25901572_irs.pkl,5.523795,2586.8936,2155.13175448682
spectra/25901615_irs.pkl,-1.6759831,23.624462,21.834546205181454
spectra/26000230_irs.pkl,4.6556783,40.65015,32.56398084466774
spectra/26000708_irs.pkl,-3.741922,6.532131,6.295872722644213
spectra/26200509_irs.pkl,6.4564314,344.3981,151.8637363166788
spectra/26300141_irs.pkl,95.02041,1189.6198,1094.599365234375
spectra/26300316_irs.pkl,20.252527,50.739548,25.975405937356932
spectra/26301354_irs.pkl,0.329249,29.5304,15.310076439196216
spectra/26301524_irs.pkl,241.89992,1265.8022,1015.93408203125
spectra/26301659_irs.pkl,7.4931273,48.149483,38.084937346485354
spectra/26301850_irs.pkl,35.48955,292.5273,255.89568594214637
spectra/26302115_irs.pkl,-4.549915,438.3804,432.7985829539415
spectra/26601601_irs.pkl,-1.3227792,8.856797,9.724774383196266
spectra/26700202_irs.pkl,6.637547,188.52591,181.88836669921875
spectra/26700814_irs.pkl,3.837598,84.816635,69.45344494342135
spectra/26800192_irs.pkl,-0.03191233,30.153076,22.593845744906517
spectra/26800193_irs.pkl,-0.26251113,25.090273,16.43854065329736
spectra/26800194_irs.pkl,0.26108018,175.5032,106.45099577505565
spectra/26800195_irs.pkl,6.0975046,298.1873,123.47974601891462
spectra/26800760_irs.pkl,-1.3946425,716.23236,523.72147156295
spectra/26801606_irs.pkl,-6.5642977,19.14977,19.010130369199924
spectra/26801809_irs.pkl,-0.80310214,45.767063,40.13692911424839
spectra/27200587_irs.pkl,6.3884907,223.0379,151.3462008971079
spectra/27200786_irs.pkl,9.951466,73.48955,31.022866090474743
spectra/27300834_irs.pkl,21.784327,391.46533,269.0559873043758
spectra/27300921_irs.pkl,-5.947613,16.022163,18.370814710551308
spectra/27301017_irs.pkl,3.3148549,27.315962,17.131203644913263
spectra/27301117_irs.pkl,-26.508667,1682.0405,1695.1450977485972
spectra/27301339_irs.pkl,43.73961,338.63846,263.6532956389094
spectra/27503811_irs.pkl,66.72179,2285.4797,2202.9548257362503
spectra/27601036_irs.pkl,4.2927856,252.43596,233.01848591814394
spectra/27602306_irs.pkl,-0.70149475,17.990881,16.000423201968644
spectra/28101115_irs.pkl,34.143192,1094.6724,1060.529168695196
spectra/28101410_irs.pkl,1.1432493,15.164986,9.553093892163805
spectra/28200221_irs.pkl,-12.502234,1.5636665,12.55561252664044
spectra/28200427_irs.pkl,-1.9756317,18.257967,12.774484434915289
spectra/28300921_irs.pkl,22.290176,199.78554,168.57351561301087
spectra/28301459_irs.pkl,7.6934023,42.162693,32.821563421068056
spectra/28301904_irs.pkl,-2.439813,21.05911,20.545300545283553
spectra/28500902_irs.pkl,-3.8385818,44.554688,47.14888720989664
spectra/28501420_irs.pkl,-2.880427,37.842247,40.72267532348633
spectra/28501652_irs.pkl,-0.19835113,10.857496,6.97465592091715
spectra/28502026_irs.pkl,5.1849165,72.16705,54.04772081533203
spectra/28700701_irs.pkl,78.083084,240.39891,131.26047942844292
spectra/28701246_irs.pkl,60.456234,253.98482,143.28721162942998
spectra/28701327_irs.pkl,-0.056426577,907.1684,499.6330705889233
spectra/28800703_irs.pkl,0.16214739,20.265192,12.168500548506797
spectra/28801224_irs.pkl,-6.7582026,9.481951,10.936262371629791
spectra/28900125_irs.pkl,4.6124105,25.397144,19.89087451024346
spectra/28900461_irs.pkl,-0.16821492,165.91028,159.72728524938015
spectra/28900543_irs.pkl,2.1583767,21.260849,13.320667629863616
spectra/28901123_irs.pkl,-42.489475,324.35434,344.7955002166569
spectra/28901506_irs.pkl,12.259773,25.724161,10.179383687666153
spectra/28901607_irs.pkl,-2.785146,15.345812,12.853838658501559
spectra/28902101_irs.pkl,-5.3712897,9.153417,11.31075705656613
spectra/28902102_irs.pkl,-0.2967757,15.575006,13.053952542423026
spectra/28902214_irs.pkl,-9.986187,456.11667,449.8341131871885
spectra/29000211_irs.pkl,-2.036785,26.513077,21.963562026063006
spectra/29101008_irs.pkl,-0.4619048,15.034404,10.62829608400073
spectra/29101012_irs.pkl,-0.9471398,41.972664,28.821640897247878
spectra/29101114_irs.pkl,7.4622135,404.78818,311.58869437423857
spectra/29201505_irs.pkl,-13.315689,11.458617,21.96970269098042
spectra/29201506_irs.pkl,-4.029824,7.646574,7.818925139194752
spectra/29302010_irs.pkl,6.1362376,50.64889,38.904944483510135
spectra/29400410_irs.pkl,7.3497596,545.636,516.3491666832806
spectra/29400809_irs.pkl,0.2793865,497.50897,497.2295831609547
spectra/29401311_irs.pkl,-0.7186816,16.662786,14.460905780620969
spectra/29402233_irs.pkl,-5.49572,510.45337,316.94237549071715
spectra/29402436_irs.pkl,1.4133364,338.30066,276.4064375487477
spectra/29402535_irs.pkl,-0.59731674,1762.5017,1745.8538979321042
spectra/29501309_irs.pkl,-1.8348081,27.876945,15.990909159616304
spectra/29501310_irs.pkl,-3.3140972,10.348752,8.985127888511968
spectra/29602404_irs.pkl,9.825178,52.83393,39.13798811140647
spectra/29701401_irs.pkl,6.4159513,48.915833,41.057498931884766
spectra/29701411_irs.pkl,-1.2575088,11.174987,10.325492314306082
spectra/29701542_irs.pkl,6.1214514,27.946735,15.974622016014763
spectra/29701632_irs.pkl,0.13345638,31.3373,18.997042290813475
spectra/29702147_irs.pkl,14.342526,301.20654,217.4814257379072
spectra/29801904_irs.pkl,-7.3329306,21.97605,23.943933857567103
spectra/29900201_irs.pkl,-5.4737577,251.37782,52.23120587698212
spectra/29900470_irs.pkl,-0.5132146,268.0916,96.88924531434873
spectra/29900661_irs.pkl,7.752166,1159.9437,838.4019666025439
spectra/29900802_irs.pkl,38.690353,119.88228,67.35221803671833
spectra/29901001_irs.pkl,6.3622637,20.033226,10.588702645965267
spectra/29901002_irs.pkl,-1.8443307,8.337639,4.1168706826404975
spectra/29902110_irs.pkl,0.4768194,23.85934,23.38252067565918
spectra/30003803_irs.pkl,-4.0919666,73.67073,36.066613767674085
spectra/30101147_irs.pkl,-10.952067,34.318153,25.17028482258426
spectra/30201114_irs.pkl,-4.746807,77.47096,48.12813310708978
spectra/30400331_irs.pkl,6.9235897,74.436424,13.873718688064761
spectra/30401501_irs.pkl,-6.54831,17.002462,14.799042285222107
spectra/30600401_irs.pkl,-4.335926,5.0121055,6.404354458336787
spectra/30601107_irs.pkl,10.450124,66.6299,27.048301515501834
spectra/30601207_irs.pkl,-4.063868,37.604603,32.62220293613525
spectra/30601632_irs.pkl,3.3788638,109.0832,89.82977277248887
spectra/30800308_irs.pkl,0.885933,15.482264,9.119613395682897
spectra/30801220_irs.pkl,-1.6325998,72.03832,68.82580333207049
spectra/30801670_irs.pkl,26.043377,440.40613,396.7644953098778
spectra/30802201_irs.pkl,17.733503,48.254482,27.70691746182076
spectra/31101275_irs.pkl,-12.795924,7.515197,13.99812183835608
spectra/31101819_irs.pkl,7.970985,128.99483,113.33400347681005
spectra/31201201_irs.pkl,2.7409186,55.16489,50.07082101911638
spectra/31301102_irs.pkl,-2.5068064,15.967409,12.343671196476457
spectra/31301509_irs.pkl,-8.336374,17.367676,16.078551896085823
spectra/31404910_irs.pkl,10.249272,51.080162,40.83089065551758
spectra/31601515_irs.pkl,-5.9445343,34.570614,39.587303161621094
spectra/31800125_irs.pkl,-6.3511133,78.598976,13.228696572812106
spectra/31800537_irs.pkl,13.095215,71.89596,53.53839185120857
spectra/31801403_irs.pkl,-5.831858,14.113052,13.518131350335004
spectra/31901125_irs.pkl,-8.238146,35.700954,28.501009974607122
spectra/31901334_irs.pkl,8.569392,37.953575,17.285715390562864
spectra/31901701_irs.pkl,24.702478,108.157135,80.73284043805174
spectra/32000318_irs.pkl,78.01541,495.217,417.20159912109375
spectra/32000603_irs.pkl,18.165344,216.30717,185.97084812943038
spectra/32001560_irs.pkl,5.0834,170.72266,157.87817939696305
spectra/32002409_irs.pkl,3.8811169,60.850754,52.536004980094006
spectra/32002528_irs.pkl,0.8247762,48.638054,44.657122143497965
spectra/32200779_irs.pkl,-6.874119,82.83803,86.68021173130481
spectra/32200877_irs.pkl,8.778388,408.48676,236.61969675821217
spectra/32301106_irs.pkl,2.5706937,26.513144,22.48486816231677
spectra/32301321_irs.pkl,6.339437,39.418507,29.31179141935688
spectra/32301516_irs.pkl,32.739628,288.49066,254.99075317382812
spectra/32301613_irs.pkl,-4.771287,39.506214,40.66961985320378
spectra/32301718_irs.pkl,-8.796021,10.061546,11.056445249952493
spectra/32400106_irs.pkl,1.5560349,55.15333,47.13521282418216
spectra/32400609_irs.pkl,6.888185,35.732563,21.891487662832755
spectra/32400821_irs.pkl,1.3675009,324.7935,211.8360092201794
spectra/32401203_irs.pkl,-12.416973,241.86943,244.7536867293881
spectra/32601124_irs.pkl,-1.3126872,93.100746,52.66482554004807
spectra/32601321_irs.pkl,6.4623404,37.82917,27.49253118226391
spectra/32700430_irs.pkl,7.4152374,243.2147,93.78525774590456
spectra/32701619_irs.pkl,5.157499,58.669067,49.05190782351916
spectra/32702329_irs.pkl,-2.012876,958.31256,403.2975981268351
spectra/32702415_irs.pkl,15.190613,41.695778,24.67655273215096
spectra/32900866_irs.pkl,8.086032,665.665,637.579022322566
spectra/32900920_irs.pkl,-1.1895882,770.5346,767.4103976287624
spectra/32901191_irs.pkl,10.582689,30.974537,17.01298224902775
spectra/32901351_irs.pkl,-1.6262212,19.779762,15.605064386906069
spectra/32901361_irs.pkl,-6.4856505,13.480188,10.735035979950746
spectra/32901364_irs.pkl,-7.012809,11.046754,10.722598425472095
spectra/33000222_irs.pkl,-12.949605,1320.9518,1322.2752816089483
spectra/33000525_irs.pkl,18.92479,688.9279,646.2947769105651
spectra/33100380_irs.pkl,1.6339589,386.3427,213.3625881963439
spectra/33101801_irs.pkl,0.68842566,37.125847,30.772516469433537
spectra/33102402_irs.pkl,-27.104052,143.75023,167.02926877663668
spectra/33200302_irs.pkl,-1.5374851,7.8321257,6.3386776971962755
spectra/33300703_irs.pkl,-6.3559365,7.6587996,10.720752801895392
spectra/33300707_irs.pkl,2.2224746,14.310589,9.943443303996155
spectra/33300708_irs.pkl,-0.5315974,23.262512,19.241307894984892
spectra/33400603_irs.pkl,-1.4480693,92.20879,86.17420335263782
spectra/33402096_irs.pkl,-0.9779629,47.378483,40.13403471535613
spectra/33402216_irs.pkl,-2.2002032,6.9461813,5.762762772894904
spectra/33504020_irs.pkl,4.228386,33.197308,9.970553579463667
spectra/33504130_irs.pkl,-2.7194903,22.707212,25.202905654907227
spectra/33504295_irs.pkl,19.206768,1942.6287,1813.3291747331011
spectra/33601674_irs.pkl,-3.0491717,16.826082,14.966096249243428
spectra/33601901_irs.pkl,2.4375362,16.25452,11.064109689563224
spectra/33701512_irs.pkl,3.20144,988.239,730.183615831085
spectra/33800415_irs.pkl,1.7539107,28.625906,11.092809900267243
spectra/33900541_irs.pkl,-10.492565,3.6524777,11.220353831584722
spectra/33901897_irs.pkl,5.558423,44.450592,35.827380754671694
spectra/34101206_irs.pkl,-7.8291492,16.750835,15.371268510240327
spectra/34201224_irs.pkl,2988.8704,6423.524,3355.295262422799
spectra/34209765_irs.pkl,1.6971431,230.07986,211.09302905343247
spectra/34300317_irs.pkl,1.8935714,43.429615,35.15438886136036
spectra/34301203_irs.pkl,-2.864051,21.101246,11.57808671154128
spectra/34301309_irs.pkl,-2.7122235,7.4115224,7.69228068216219
spectra/34400518_irs.pkl,5.451811,168.72087,39.19825730776182
spectra/34400878_irs.pkl,-15.679798,12.263457,21.698597460799206
spectra/34401040_irs.pkl,87.40208,1053.9088,915.8232387459525
spectra/34401919_irs.pkl,3.3457134,27.640469,19.38288048555217
spectra/34402039_irs.pkl,160.18974,1275.7374,1083.0792988251224
spectra/34501821_irs.pkl,-10.180331,9.826202,13.917255289478511
spectra/34601646_irs.pkl,95.1549,1115.7206,1020.5656740073869
spectra/34601702_irs.pkl,29.533447,357.91434,323.79675307706304
spectra/34601878_irs.pkl,-1.850105,16.132223,13.595496995299737
spectra/34602403_irs.pkl,-17.416592,7.413367,20.075935985405042
spectra/34602404_irs.pkl,-9.53798,7.5579867,14.084955233069566
spectra/34602405_irs.pkl,-2.781256,11.625847,8.600229913539728
spectra/34801419_irs.pkl,2.483773,47.62211,44.67534083560733
spectra/35000606_irs.pkl,-4.631531,7.526087,9.00479425529199
spectra/35000607_irs.pkl,-7.6153393,5.721787,10.505465849740954
spectra/35001427_irs.pkl,28.019041,126.17781,87.04346060501027
spectra/35101303_irs.pkl,-3.0829368,7.2569385,7.273745397943358
spectra/35102563_irs.pkl,4.014583,7792.5024,7728.018199861559
spectra/35200913_irs.pkl,-2.936346,11.034556,12.854371417753601
spectra/35201201_irs.pkl,159.3887,554.1063,366.0869089294888
spectra/35500693_irs.pkl,6.2364497,61.062744,47.264807762389125
spectra/35500738_irs.pkl,1.6838617,312.225,308.1253089191071
spectra/35500977_irs.pkl,13.0053625,53.644657,38.44581583560013
spectra/35501212_irs.pkl,-0.3605376,17.633713,14.144353331170105
spectra/35501531_irs.pkl,-0.0059830975,269.00537,240.9242086465724
spectra/35700734_irs.pkl,61.053204,2762.535,2681.061403323689
spectra/35701412_irs.pkl,28.23643,109.68049,75.8408987174266
spectra/35801255_irs.pkl,-2.5281262,29.647976,11.64208005788573
spectra/35801319_irs.pkl,0.6664587,61.69004,32.31668591631356
spectra/36000902_irs.pkl,-6.9332924,7.163243,11.444943358305977
spectra/36001101_irs.pkl,-7.529524,7.609779,13.406556376932208
spectra/36100510_irs.pkl,-2.782975,8.1721,5.340931117440256
spectra/36100905_irs.pkl,4.4310465,53.881016,45.475675729084415
spectra/36401817_irs.pkl,11.230301,89.992805,77.9489974975586
spectra/36600207_irs.pkl,-7.5824785,88.12616,39.14509308939451
spectra/36601389_irs.pkl,-5.966753,10.278047,7.3496118356103235
spectra/36601502_irs.pkl,2.1399171,411.15753,399.30004856449307
spectra/36701824_irs.pkl,6.0896335,56.487835,38.53002536734596
spectra/36701903_irs.pkl,9.544204,93.538284,81.893244942757
spectra/36801940_irs.pkl,-18.489042,64.55754,73.10680362417625
spectra/36802830_irs.pkl,6.6322355,80.101006,73.4687729304194
spectra/37102018_irs.pkl,4.2284374,205.45584,201.22740173339844
spectra/37200209_irs.pkl,-0.82082105,13.463954,10.085408888855795
spectra/37200308_irs.pkl,-2.8657634,5.2139206,5.675095095444311
spectra/37300427_irs.pkl,-20.428518,104.13714,124.35499572753908
spectra/37400126_irs.pkl,-9.916692,102.171974,105.14636363532219
spectra/37401373_irs.pkl,-0.4044075,17.38396,13.351602732697165
spectra/37401910_irs.pkl,8.517964,63.177464,54.55250549316406
spectra/37600306_irs.pkl,8.86466,214.00644,205.14178466796875
spectra/37600943_irs.pkl,-8.957911,25.831573,15.374119579898466
spectra/37704637_irs.pkl,11.520583,430.50958,418.17657470703125
spectra/37800211_irs.pkl,-0.53919345,9.658893,6.951495950403167
spectra/37800710_irs.pkl,-4.4402885,22.878023,23.389516454681896
spectra/37801213_irs.pkl,40.556152,276.264,224.10928972066017
spectra/37801443_irs.pkl,41.97761,275.38895,221.8865940809891
spectra/37801819_irs.pkl,11.715631,302.42844,285.11541748046875
spectra/37802001_irs.pkl,-11.261511,5.650497,12.261166655523727
spectra/37802225_irs.pkl,-16.729376,20.636786,37.283294677734375
spectra/37900867_irs.pkl,24.936035,575.02277,532.7408319240353
spectra/38101302_irs.pkl,1.0194098,21.346598,15.302489821577176
spectra/38101406_irs.pkl,-1.286473,18.6123,12.643077207902481
spectra/38101617_irs.pkl,68.32256,421.87286,321.81503857493334
spectra/38101711_irs.pkl,-2.7109716,9.110975,8.273476425710212
spectra/38101712_irs.pkl,-12.690489,25.790152,29.609320856545203
spectra/38102211_irs.pkl,-4.97744,8.691667,9.222955622508074
spectra/38201201_irs.pkl,-7.9313183,134.99449,142.92581176757812
spectra/38201557_irs.pkl,283.4135,738.2233,438.9183545198434
spectra/38202204_irs.pkl,13.863571,36.872364,19.627716439079215
spectra/38300108_irs.pkl,-13.763574,52.057625,60.91741715600813
spectra/38300216_irs.pkl,2.9112551,26.150063,22.66828727722168
spectra/38300825_irs.pkl,202.07722,1486.0311,1283.953857421875
spectra/38301204_irs.pkl,-3.2102973,31.8717,23.601968589692916
spectra/38301303_irs.pkl,-6.2720065,11.852506,11.060849634576964
spectra/38301404_irs.pkl,76.8477,1002.1651,880.2012343436057
spectra/38302016_irs.pkl,212.88985,1483.3882,1268.8984375
spectra/38302701_irs.pkl,-2.8795397,13.146882,11.562720373945432
spectra/38302802_irs.pkl,-6.7576485,14.502257,15.868769361047981
spectra/38303014_irs.pkl,30.962954,322.6782,286.24197475178147
spectra/38402466_irs.pkl,49.922554,5273.0537,5181.3777644441725
spectra/38405519_irs.pkl,-6.0459223,9.956552,13.271996688740037
spectra/38405815_irs.pkl,-8.577778,5.4913726,9.57225188697927
spectra/38500708_irs.pkl,-0.59705704,14.406064,11.147444521611966
spectra/38501251_irs.pkl,3.2842605,592.8384,583.7565721250916
spectra/38501620_irs.pkl,-13.966531,67.86756,79.15644845880769
spectra/38501842_irs.pkl,33.485188,3165.1633,3111.0519499647153
spectra/38600922_irs.pkl,106.70933,790.60614,680.8457641601562
spectra/39400205_irs.pkl,-2.146176,20.118042,18.528856395797167
spectra/39401737_irs.pkl,20.811537,189.84839,169.03684997558594
spectra/39500195_irs.pkl,-0.64867073,120.22775,108.12803313101317
spectra/39500297_irs.pkl,-15.2715225,101.5345,116.32312794688426
spectra/39501330_irs.pkl,212.68526,1500.8529,1288.1676025390625
spectra/39502217_irs.pkl,382.06335,953.70435,556.1176380083248
spectra/39502401_irs.pkl,8.88381,61.13121,52.22480773925781
spectra/39600606_irs.pkl,0.4453385,20.913965,19.583671902134043
spectra/39601867_irs.pkl,2.1698847,104.27544,87.6517997532246
spectra/39601910_irs.pkl,4.9942856,44.57959,33.234493262093565
spectra/39802402_irs.pkl,210.79416,1940.4758,1603.787950104429
spectra/39901911_irs.pkl,37.056396,255.227,205.26490374974185
spectra/39902101_irs.pkl,-1.541788,12.753005,11.922388512873262
spectra/40001013_irs.pkl,-0.17145243,20.231426,15.055669807965321
spectra/40001501_irs.pkl,-4.0820055,10.208288,13.280123481153641
spectra/40201208_irs.pkl,28.730669,576.656,547.925354227448
spectra/40201615_irs.pkl,-0.95748854,43.16335,42.79766790208043
spectra/40201616_irs.pkl,-4.754432,22.33032,22.223092452361612
spectra/40201617_irs.pkl,-4.4660444,18.734383,14.597897603215383
spectra/40201723_irs.pkl,60.957516,263.55615,196.70493611291397
spectra/40300736_irs.pkl,0.020447375,16.986917,10.806632678468533
spectra/40400904_irs.pkl,-1.6958706,10.196111,7.576082391005823
spectra/40401901_irs.pkl,0.24059922,29.308235,26.15506321306472
spectra/40503119_irs.pkl,21.104086,56.211037,32.924109080532375
spectra/40800106_irs.pkl,79.46084,1172.2858,1089.963134765625
spectra/41100205_irs.pkl,-8.495904,2.0749373,8.93534760111392
spectra/41200801_irs.pkl,-5.019836,9.624337,7.429825022637663
spectra/41300101_irs.pkl,4.2951736,37.306385,30.803166109323556
spectra/41300309_irs.pkl,-1.6441216,9.610642,9.562586108138724
spectra/41400406_irs.pkl,30.529507,148.08711,108.95823334249724
spectra/41401197_irs.pkl,4.430357,30.933098,20.230157255197852
spectra/41401514_irs.pkl,30.056107,268.71964,221.51618592854078
spectra/41500123_irs.pkl,16.058474,230.59483,214.04010009765625
spectra/41600137_irs.pkl,-2.2142835,22.683216,23.871520278178586
spectra/41600993_irs.pkl,2.4886217,29.317642,23.04016917711744
spectra/41601102_irs.pkl,-0.45897153,12.204392,8.174424197990156
spectra/41601295_irs.pkl,-4.4035482,18.416441,16.786648916392792
spectra/41602133_irs.pkl,67.55007,359.23895,282.1344361001267
spectra/41602312_irs.pkl,-5.0467396,47.10963,52.1563720703125
spectra/41602501_irs.pkl,15.929543,60.849136,44.919593811035156
spectra/41702418_irs.pkl,-6.4208174,6.5411882,8.57838704564535
spectra/41800303_irs.pkl,349.60153,3991.9744,3629.57958984375
spectra/41801604_irs.pkl,-1.206936,23.882452,11.932897932975777
spectra/41801703_irs.pkl,-1.1808594,21.8124,8.77502424853597
spectra/41801802_irs.pkl,0.29386333,26.180021,23.899836521148483
spectra/41801911_irs.pkl,-7.1954074,6.6688232,10.428680818763763
spectra/41802008_irs.pkl,-0.71109986,11.40951,7.4721318089723905
spectra/41802107_irs.pkl,-5.293615,13.275915,15.050041958707512
spectra/41901305_irs.pkl,42.37584,322.55106,280.17523193359375
spectra/42100111_irs.pkl,113.42706,1035.888,903.955250872209
spectra/42100215_irs.pkl,192.86041,1555.4664,1358.792236328125
spectra/42200213_irs.pkl,2.5534966,112.237854,108.24672902122154
spectra/42201625_irs.pkl,1.5962784,102.47831,98.51510400283362
spectra/42201734_irs.pkl,-1.4590856,156.25903,153.24502202194302
spectra/42300201_irs.pkl,-7.8036876,113.719475,119.06235383931016
spectra/42300307_irs.pkl,109.34046,1050.6837,918.1717345540483
spectra/42300610_irs.pkl,-5.7163124,8.220021,10.449275396679468
spectra/42300706_irs.pkl,-2.7432377,12.689596,7.405329933219541
spectra/42300804_irs.pkl,17.423346,118.4131,92.0880613648927
spectra/42301226_irs.pkl,-4.0140843,20.580662,21.325028431263547
spectra/42301404_irs.pkl,10.202369,722.0395,711.8370971679688
spectra/42301707_irs.pkl,-12.2839155,8.684851,18.390472405021683
spectra/42301901_irs.pkl,-1.2542007,6.8891263,4.6069439555356775
spectra/42401416_irs.pkl,50.14723,1066.1907,1016.0434582527362
spectra/42500402_irs.pkl,-18.184414,11.4520855,23.342025094350994
spectra/42500403_irs.pkl,-17.924107,6.3722577,20.09633142078009
spectra/42602251_irs.pkl,86.93916,1135.1127,1048.1734594451423
spectra/42602373_irs.pkl,10.326752,214.96967,196.14841227194677
spectra/42604702_irs.pkl,102.564735,455.92758,326.70162227665895
spectra/42701004_irs.pkl,-8.89092,6.408568,8.89578028403032
spectra/42701302_irs.pkl,-54.278584,6560.0024,6563.217891662635
spectra/42701401_irs.pkl,-1.0558329,13.141768,10.723189861651981
spectra/42800541_irs.pkl,-1.507996,109.760864,111.26885986328125
spectra/42801007_irs.pkl,13.089442,46.81069,33.481380462646484
spectra/42801502_irs.pkl,0.03169345,101.75433,98.31011968367643
spectra/42902712_irs.pkl,18.677433,271.44092,247.7299185466366
spectra/43305805_irs.pkl,5.8589697,25.366047,18.59128371916176
spectra/43306112_irs.pkl,-0.9657814,20.19561,19.017838821535662
spectra/43306302_irs.pkl,0.83038527,20.235693,16.42974853515625
spectra/43306303_irs.pkl,17.463427,69.64792,49.26046733858554
spectra/43306550_irs.pkl,95.84543,401.99326,296.7051312909779
spectra/43400235_irs.pkl,9.388345,34.93948,25.551136016845703
spectra/43400328_irs.pkl,8.157305,25.827168,16.663909912109375
spectra/43400604_irs.pkl,-11.90035,11.068651,22.457462310791016
spectra/43400768_irs.pkl,5.065758,287.0449,269.65386121010476
spectra/43402028_irs.pkl,30.324308,330.32266,298.65618896484375
spectra/43402401_irs.pkl,13.622793,112.97746,91.4327358329505
spectra/43501514_irs.pkl,7.7886696,60.17773,48.27471135677612
spectra/43502472_irs.pkl,18.398006,39.77761,18.691294343212306
spectra/43502924_irs.pkl,6.5046864,278.19815,271.6354372961946
spectra/43600267_irs.pkl,1.1415975,44.059628,31.2283484914948
spectra/43600471_irs.pkl,-8.828777,62.395,68.80788885504944
spectra/43600603_irs.pkl,4.2839704,34.210724,26.941422439899668
spectra/43600728_irs.pkl,-0.5522959,26.508606,18.26921507197068
spectra/43600940_irs.pkl,27.62188,173.80952,146.18765251245827
spectra/43700103_irs.pkl,44.27256,267.32452,209.88574786834175
spectra/43700232_irs.pkl,9.411642,43.167114,26.201256604840026
spectra/43700330_irs.pkl,-1.1035905,59.49556,53.60549246337244
spectra/43700427_irs.pkl,6.0945826,519.3902,39.74866906807698
spectra/44004605_irs.pkl,15.815047,729.48914,713.674072265625
spectra/44202463_irs.pkl,33.156086,282.592,220.94936895443607
spectra/44301870_irs.pkl,-25.771791,53.08059,75.50799992851404
spectra/44301926_irs.pkl,238.9708,1915.4252,1609.504788533664
spectra/44401917_irs.pkl,1.821426,53.507133,21.78268909118521
spectra/44402001_irs.pkl,1.001492,16.569534,10.46697180363411
spectra/44500145_irs.pkl,11.473354,79.47422,56.86871374283203
spectra/44500611_irs.pkl,0.4404504,66.03903,61.866122368140424
spectra/44804703_irs.pkl,-5.3076043,9.829377,10.450474537228768
spectra/44804704_irs.pkl,26.390942,334.34094,297.120418107024
spectra/44900404_irs.pkl,-5.065615,5.700515,10.226858139038086
spectra/44900501_irs.pkl,-2.9915073,15.84321,18.470199542334495
spectra/44901283_irs.pkl,1.158211,15.418831,12.883176338550454
spectra/45000284_irs.pkl,1.6160803,12.00284,9.361444348848975
spectra/45002411_irs.pkl,15.934445,249.98221,234.04775955891287
spectra/45101201_irs.pkl,637.444,4727.536,3770.5413087331112
spectra/45200101_irs.pkl,40.273228,2073.4421,2033.1689397528617
spectra/45401501_irs.pkl,-0.43805566,68.60818,64.51137812689014
spectra/45501603_irs.pkl,6.41763,30.580046,20.08519744873047
spectra/45501704_irs.pkl,4.079416,22.778608,15.504020690917969
spectra/45501805_irs.pkl,4.16765,96.95518,88.09070665857882
spectra/45601901_irs.pkl,-1.707438,149.18181,72.01196477832113
spectra/45701204_irs.pkl,8.702061,35.079506,13.695086472726913
spectra/45800441_irs.pkl,-0.7374991,418.15555,407.20320496207034
spectra/45800682_irs.pkl,-9.265737,3.2930045,9.391055278528405
spectra/45800705_irs.pkl,-9.231933,10.326715,13.960752088385563
spectra/45801328_irs.pkl,4.426424,370.73358,362.2100768705107
spectra/45801902_irs.pkl,-5.5645127,10.3967,7.502755496667735
spectra/45900615_irs.pkl,15.176872,356.7047,308.6116976125271
spectra/45900849_irs.pkl,0.04855539,18.935799,8.76559395618531
spectra/45901136_irs.pkl,5.5586934,125.39956,117.04577340428817
spectra/45901249_irs.pkl,28.887352,91.88464,59.271944536416896
spectra/45901470_irs.pkl,2.808634,164.61612,47.39556031031005
spectra/45901669_irs.pkl,20.674667,109.73845,83.73814796036693
spectra/45902801_irs.pkl,-1.9711657,8.136885,5.810869693110001
spectra/46000275_irs.pkl,-2.71492,20.92415,20.034899796075955
spectra/46000601_irs.pkl,-0.6665933,23.012674,16.04389479716129
spectra/46000943_irs.pkl,3.1267197,30.60156,11.572946113909971
spectra/46200776_irs.pkl,12.039453,100.70219,84.60900799863182
spectra/46200878_irs.pkl,9.187407,26.565176,14.852482097535187
spectra/46300901_irs.pkl,-1.3564183,111.28196,74.38853681812716
spectra/46300902_irs.pkl,1.0933884,59.049084,21.74034630565041
spectra/46301403_irs.pkl,4.8468337,85.30635,60.69531888508837
spectra/46401343_irs.pkl,20.518755,79.79437,54.56657169683349
spectra/46600803_irs.pkl,5.1426115,107.410995,93.33996483943275
spectra/46601705_irs.pkl,2.7458827,374.14435,371.3984680175781
spectra/46900969_irs.pkl,5.570356,190.2314,176.50366753096483
spectra/47000722_irs.pkl,-0.7507448,27.765282,14.899998523470668
spectra/47100261_irs.pkl,162.90941,454.53632,284.45367807497325
spectra/47101511_irs.pkl,-2.3735614,93.68945,92.7434164463856
spectra/47101650_irs.pkl,-10.605384,24.39955,16.540344538983653
spectra/47101803_irs.pkl,-24.054207,2.5638766,24.58448028564453
spectra/47101804_irs.pkl,-2.681335,12.715885,13.263395111405302
spectra/47201603_irs.pkl,-12.355466,3.0173013,13.058736117058059
spectra/47201847_irs.pkl,65.622765,702.3653,636.7425537109375
spectra/47202064_irs.pkl,-5.129109,43.897728,27.973478781660994
spectra/47300216_irs.pkl,-2.3985746,42.849934,39.23717083670509
spectra/47301604_irs.pkl,14.6815195,63.457596,44.59486956180158
spectra/47600302_irs.pkl,5.687664,132.17291,124.02956927395965
spectra/47601204_irs.pkl,1.0982652,27.025923,24.304487833939294
spectra/47700201_irs.pkl,-1.3656791,27.335777,21.25644784686817
spectra/47700328_irs.pkl,74.62583,589.5581,505.85257651874167
spectra/47700503_irs.pkl,1.6867409,82.91384,20.95275796310247
spectra/47800222_irs.pkl,2.6836138,84.299675,73.32601060314133
spectra/47801040_irs.pkl,13.035714,1052.1953,744.5358613777497
spectra/47801137_irs.pkl,4.878897,345.50974,336.8656536900883
spectra/47801417_irs.pkl,104.04066,679.05585,575.0151977539062
spectra/47801654_irs.pkl,-5.0637555,72.8547,75.33768525598751
spectra/47901101_irs.pkl,-10.918637,19.312088,15.916781938742059
spectra/47901374_irs.pkl,16.18809,54.507336,34.31657715967097
spectra/47901509_irs.pkl,-1.3947937,30.295847,25.847310921305898
spectra/48000202_irs.pkl,-3.2589438,12.4838085,7.6053993186994875
spectra/48002314_irs.pkl,-8.034235,7.2186627,9.02754049993576
spectra/48101804_irs.pkl,-6.6383605,57.83393,63.43079716069535
spectra/48300563_irs.pkl,12.91079,71.99616,52.423414229614664
spectra/48300731_irs.pkl,-4.4446487,20.203173,22.997190679847158
spectra/48300913_irs.pkl,-3.8597898,28.631348,29.422719069711107
spectra/48301104_irs.pkl,-0.6333961,16.94153,10.278737114645146
spectra/48301110_irs.pkl,1.4034475,12.76548,8.280550564797469
spectra/48301114_irs.pkl,-8.236514,2.8832047,9.15285088170387
spectra/48400535_irs.pkl,-9.215839,44.152878,45.477490473677065
spectra/48401422_irs.pkl,0.38678628,151.77818,84.49849070537937
spectra/48601302_irs.pkl,4.766736,74.97583,56.661474715604975
spectra/48700267_irs.pkl,10.911828,44.631042,33.513397020759356
spectra/48700507_irs.pkl,-11.197293,148.52167,47.47204699919487
spectra/48800628_irs.pkl,-2.1064148,78.47165,73.93277891618021
spectra/48903903_irs.pkl,0.033605315,24.36375,12.255673993658487
spectra/49100106_irs.pkl,4.6462245,63.731964,55.80142624748879
spectra/49101004_irs.pkl,-4.7764964,12.538738,12.38330141875647
spectra/49101016_irs.pkl,-4.671909,14.09339,18.76529884338379
spectra/49101017_irs.pkl,-3.443684,19.223848,16.020904891140948
spectra/49300513_irs.pkl,-4.837164,16.101015,15.972780843843012
spectra/49301104_irs.pkl,-5.5931087,26.614838,27.03960693573888
spectra/49301902_irs.pkl,-7.704376,17.937172,14.416682737196957
spectra/49302109_irs.pkl,-17.442858,62.846035,32.56087923795215
spectra/49400104_irs.pkl,4.985645,379.4573,111.84678137566567
spectra/49401315_irs.pkl,-36.987263,14.218245,41.192814056901625
spectra/49500503_irs.pkl,13.202235,57.313625,43.58993778597189
spectra/49500513_irs.pkl,-5.0027323,11.588848,10.08261115628806
spectra/49501016_irs.pkl,-4.755766,30.920296,31.282961326092725
spectra/49603004_irs.pkl,11.858733,452.89325,441.03451538085943
spectra/49700213_irs.pkl,-0.04792684,20.596346,17.268413278407667
spectra/49700214_irs.pkl,-1.497411,11.722808,9.299566682322785
spectra/49800804_irs.pkl,5.4964004,107.68149,49.13058157774452
spectra/49900640_irs.pkl,-4.2248816,340.2843,61.617764832427255
spectra/49900902_irs.pkl,11.354503,2115.9941,2089.73317667455
spectra/49901206_irs.pkl,-2.596723,38.55956,35.03800420637441
spectra/49901342_irs.pkl,109.82134,462.88208,335.6655904189014
spectra/50200604_irs.pkl,18.611725,185.20348,158.75762692355983
spectra/51301128_irs.pkl,1.3657694,33.55836,30.742266495830826
spectra/51301208_irs.pkl,-8.236652,5.484736,11.646460417914241
spectra/51401256_irs.pkl,123.38946,1319.5284,1196.1390380859375
spectra/51401308_irs.pkl,84.9348,735.09174,634.825307912738
spectra/51500478_irs.pkl,-1.8730601,527.1116,471.21020667110446
spectra/51500580_irs.pkl,-0.2088386,147.75218,132.828566611886
spectra/51501501_irs.pkl,-6.4392147,16.539799,13.699554128543559
spectra/51502010_irs.pkl,9.112931,57.722458,45.299850942131194
spectra/51600816_irs.pkl,-8.344189,6.873856,8.120279313941527
spectra/51600915_irs.pkl,-2.063507,17.835161,12.881011194611599
spectra/51601005_irs.pkl,42.27262,108.3612,63.42711846285728
spectra/51601520_irs.pkl,-5.4541383,124.09447,123.47313008853288
spectra/51800719_irs.pkl,11.445691,95.3149,81.82515584095208
spectra/51801475_irs.pkl,-13.256626,8.834045,16.2845285330923
spectra/51801556_irs.pkl,11.112092,148.43185,130.15558206618635
spectra/52000234_irs.pkl,22.426027,877.58075,817.9377913311494
spectra/52000423_irs.pkl,4.7101464,57.32371,49.05644376333551
spectra/52000546_irs.pkl,9.067719,33.485706,20.27494912270504
spectra/52000931_irs.pkl,-0.91314185,38.682774,34.92094511345218
spectra/52201283_irs.pkl,2.247773,56.488796,43.142145975729164
spectra/52300444_irs.pkl,7.0626645,65.110756,54.75713999333358
spectra/52300905_irs.pkl,34.668674,137.00766,98.0164715055502
spectra/52301106_irs.pkl,9.065765,94.93409,82.96771316741456
spectra/52301201_irs.pkl,2.6431468,54.84563,48.79567442174506
spectra/52302017_irs.pkl,-3.3385947,23.217924,17.970747756632917
spectra/52404014_irs.pkl,-14.904303,6.8571796,16.464858752044712
spectra/52501428_irs.pkl,6.844722,65.583496,56.594206700461854
spectra/52600105_irs.pkl,-3.7049441,10.721049,11.60911827338324
spectra/52600445_irs.pkl,-3.1836858,20.779316,12.795804972170416
spectra/52600503_irs.pkl,-3.3759825,17.36507,17.873232836447446
spectra/52600868_irs.pkl,19.08946,58.83304,31.83514534150579
spectra/52601240_irs.pkl,-7.728287,9.967483,14.377556087620583
spectra/52601347_irs.pkl,7.4303594,115.45149,99.14400334514508
spectra/52601618_irs.pkl,8.518928,52.441994,40.05416993626466
spectra/52601705_irs.pkl,49.732513,89.40521,35.40404815689884
spectra/52601908_irs.pkl,-5.78489,7.5033092,9.241358952006491
spectra/52700822_irs.pkl,-2.6658177,22.234064,15.554140661906661
spectra/53000214_irs.pkl,58.774677,938.1369,879.3622436523438
spectra/53000406_irs.pkl,-2.308059,20.62982,22.514389038085938
spectra/53001684_irs.pkl,-7.857849,14.7878,19.675495864928767
spectra/53200677_irs.pkl,9.083136,47.320168,35.521291714498254
spectra/53400105_irs.pkl,69.33897,463.29926,393.9602966308594
spectra/53400617_irs.pkl,8.849644,45.350307,34.75199273730297
spectra/53400809_irs.pkl,71.48848,532.57294,429.2422143224534
spectra/53500647_irs.pkl,16.3304,124.84185,101.11448202235951
spectra/53501243_irs.pkl,89.278145,776.41345,687.1029663085938
spectra/53502929_irs.pkl,8.277683,102.17686,91.88041687011719
spectra/53601009_irs.pkl,-0.22839719,9.612772,7.527787560062121
spectra/53701377_irs.pkl,-12.105162,9.767633,18.956922699890377
spectra/53701751_irs.pkl,-6.5282183,61.091217,61.922520225523584
spectra/53702031_irs.pkl,-4.0597167,77.7701,81.55098724365234
spectra/53802302_irs.pkl,70.76873,2562.95,2492.1811523437505
spectra/53904667_irs.pkl,10.798688,66.55449,53.49008580252905
spectra/53904837_irs.pkl,1.4253922,34.587025,31.779518091289283
spectra/54101201_irs.pkl,87.92586,1094.972,947.3777975106576
spectra/54200304_irs.pkl,0.9413409,83.43149,82.49015045166016
spectra/54300203_irs.pkl,3.1958153,194.75705,186.3779319472917
spectra/54600104_irs.pkl,14.93405,202.04134,179.82631002999995
spectra/54600211_irs.pkl,7.769452,41.29172,31.399977688720107
spectra/54600353_irs.pkl,-4.625424,25.205265,25.87755277822221
spectra/54600354_irs.pkl,-8.044881,10.436492,15.196532392537357
spectra/54600506_irs.pkl,0.090143055,163.65251,157.2342579991014
spectra/54601206_irs.pkl,6.9859424,27.014555,18.86827737632587
spectra/54700107_irs.pkl,10.406798,84.69311,71.06655026482122
spectra/54701810_irs.pkl,-4.070596,18.934399,20.45722043091406
spectra/54900858_irs.pkl,-12.150354,24.803581,33.47046442582187
spectra/54901434_irs.pkl,-12.045712,200.3302,212.37591552734375
spectra/55100705_irs.pkl,20.0313,1110.7383,1090.707030167469
spectra/55102706_irs.pkl,5.737517,43.968292,35.012745859728206
spectra/55501379_irs.pkl,19.709385,358.9875,328.66867652549485
spectra/55502138_irs.pkl,11.841192,117.2237,105.16068267822266
spectra/55502308_irs.pkl,24.21188,340.4028,315.23358154296875
spectra/55702018_irs.pkl,-1.4564273,15.949682,14.499193206659545
spectra/55800537_irs.pkl,-0.3073501,1922.2026,1272.0873187786192
spectra/56100849_irs.pkl,4.2896585,132.89838,124.78556730812753
spectra/56100935_irs.pkl,-0.11674515,34.873215,33.27657943402809
spectra/56101082_irs.pkl,8.650486,259.28558,239.49770950414677
spectra/56200926_irs.pkl,58.33937,955.4659,874.3710736103293
spectra/56300507_irs.pkl,-12.525013,20.99546,32.080761185724334
spectra/56401807_irs.pkl,-2.1354952,18.5538,8.95293651589127
spectra/56401808_irs.pkl,-2.248285,18.733807,10.515157781402081
spectra/56701336_irs.pkl,4.6014338,24.5059,14.465511428863502
spectra/56900115_irs.pkl,14.394444,269.15286,238.66477976776167
spectra/57101109_irs.pkl,-6.257244,11.128142,12.219762216368263
spectra/57302210_irs.pkl,-6.657243,19.601902,16.918954045297486
spectra/57401003_irs.pkl,15.488144,205.36662,188.84399414062503
spectra/57401207_irs.pkl,33.17483,128.43398,88.78396921008442
spectra/57501031_irs.pkl,108.40631,1340.1007,1231.6943359375
spectra/57702107_irs.pkl,-6.58134,13.712853,19.414438247680668
spectra/57702302_irs.pkl,-0.54164624,586.526,557.5800866823815
spectra/57801111_irs.pkl,-10.487324,5.3203,11.203681662163877
spectra/58400304_irs.pkl,-3.5500069,18.416039,21.26090186813358
spectra/58900918_irs.pkl,551.1498,7854.024,7302.8740234375
spectra/59501909_irs.pkl,101.72386,875.1497,752.7110247967529
spectra/59502003_irs.pkl,-3.6257627,16.745518,14.069885848210543
spectra/60200502_irs.pkl,17.074316,317.36496,297.1668701171875
spectra/60400709_irs.pkl,-2.6789234,12.669319,12.159694170201323
spectra/60600505_irs.pkl,9.677212,443.12802,424.71466377998286
spectra/60600607_irs.pkl,-0.5626903,121.81078,107.64359537315858
spectra/60700604_irs.pkl,1.9734359,25.718657,14.764302421022855
spectra/60700908_irs.pkl,2.297319,27.77578,14.615168709830893
spectra/60701101_irs.pkl,10.439544,71.630165,58.66369031489515
spectra/60701604_irs.pkl,-0.08121734,22.579397,15.975164713538078
spectra/60702006_irs.pkl,7.5276027,577.3261,569.7985233458644
spectra/60702103_irs.pkl,8.742633,30.57922,20.254973043384467
spectra/60900804_irs.pkl,50.117874,2143.489,2093.3669425226954
spectra/60901001_irs.pkl,-1.3666812,16.645866,12.073274047596936
spectra/61301076_irs.pkl,-5.240669,31.318438,30.735485664530415
spectra/61301202_irs.pkl,4.2739477,27.697794,16.228446707674664
spectra/61400401_irs.pkl,-2.1272137,10.656116,8.832010128255138
spectra/61601203_irs.pkl,-12.110012,4.957859,16.424320260549095
spectra/61601503_irs.pkl,4.66165,20.679138,14.85471946934261
spectra/61702401_irs.pkl,-3.6850834,11.214627,11.547668574599907
spectra/61702702_irs.pkl,8.031494,72.23917,62.60838317871094
spectra/61801207_irs.pkl,-5.6324306,16.212107,13.73489611651895
spectra/61801318_irs.pkl,0.26616666,62.863293,61.47467159555263
spectra/61802102_irs.pkl,-6.144202,8.483717,10.004013075436898
spectra/62301505_irs.pkl,-1.3021144,18.0225,17.982190657810186
spectra/62301808_irs.pkl,11.868603,33.890076,21.03738784790039
spectra/62301907_irs.pkl,0.8598058,44.56524,41.60553658867538
spectra/62401303_irs.pkl,7.258706,123.74919,77.88235008332286
spectra/62401512_irs.pkl,-2.4325693,10.196457,11.877534343798448
spectra/62702122_irs.pkl,236.20778,1589.9121,1298.2128566753056
spectra/62802937_irs.pkl,-12.425807,6.3980036,17.355477188581915
spectra/62803102_irs.pkl,-3.6974275,14.015169,17.281911849975586
spectra/62803223_irs.pkl,-6.079679,11.379379,13.364619919657539
spectra/62803904_irs.pkl,5.264491,183.4715,170.91636802074544
spectra/62804032_irs.pkl,5.352763,65.316925,59.964160899071196
spectra/62804104_irs.pkl,3.21578,137.30092,84.58981821153492
spectra/62804321_irs.pkl,0.9621432,66.992,40.66866357853598
spectra/62902503_irs.pkl,3.9358454,142.70964,135.2779469114122
spectra/63103501_irs.pkl,20.617895,127.00468,96.99996121526206
spectra/63300301_irs.pkl,-0.15872373,37.280174,25.452386219452922
spectra/63501206_irs.pkl,-2.722873,9.038069,5.808658696236805
spectra/63602102_irs.pkl,46.35244,1921.0521,1863.0081787109375
spectra/63702553_irs.pkl,0.38711932,449.5205,447.64700375245366
spectra/63702662_irs.pkl,22.08101,134.43398,105.23706151922504
spectra/64001445_irs.pkl,24.897022,193.88893,163.16185141729073
spectra/64001804_irs.pkl,48.208836,595.6842,544.2180338422456
spectra/64100101_irs.pkl,60.863438,1253.8168,1184.782104370819
spectra/64100102_irs.pkl,-21.886074,261.74405,277.23016335069417
spectra/64100103_irs.pkl,84.96246,473.6045,388.64202880859375
spectra/64100104_irs.pkl,57.918625,1773.2712,1715.3526611328125
spectra/64101912_irs.pkl,-9.634061,16.546812,25.57382377547252
spectra/64101913_irs.pkl,-3.5527205,9.426268,7.189493024243275
spectra/64402513_irs.pkl,-13.428504,189.97806,195.20220525652178
spectra/64500205_irs.pkl,11.715395,275.57678,257.1400103733153
spectra/64500309_irs.pkl,-3.8636367,8.32346,10.971577126848326
spectra/64500811_irs.pkl,5.658156,47.722073,42.06391525268555
spectra/64501104_irs.pkl,3.5155058,35.585777,27.134665851955923
spectra/64501216_irs.pkl,-6.4846416,12.011513,12.20442439502056
spectra/64600609_irs.pkl,4.6896734,2436.327,2016.8070610579716
spectra/64601230_irs.pkl,1.9891657,94.76394,91.18923950195312
spectra/64601301_irs.pkl,1.1631258,103.753876,102.59075164794922
spectra/64701504_irs.pkl,1.8557185,21.634405,12.019418808803117
spectra/64701801_irs.pkl,-1.6135287,36.841988,26.777893875294495
spectra/64701904_irs.pkl,34.839523,389.73352,336.04455356677477
spectra/64702216_irs.pkl,-2.150236,24.026037,20.796273271556522
spectra/64702301_irs.pkl,10.847696,3105.9692,3066.1475396578157
spectra/64801905_irs.pkl,5.9610004,1000.8743,915.7197244785591
spectra/64900206_irs.pkl,-6.0329957,11.065781,16.656787872314453
spectra/64900829_irs.pkl,0.55867314,54.125603,52.51041793823243
spectra/65201411_irs.pkl,0.37999415,16.269695,9.657287930367175
spectra/65201412_irs.pkl,-1.1649761,32.96978,23.565501120620556
spectra/65201413_irs.pkl,-6.174882,22.85042,22.672159566395017
spectra/65201414_irs.pkl,-1.429828,21.80438,15.970437263649746
spectra/65201807_irs.pkl,-1.5952553,152.28299,145.00054696451133
spectra/65201959_irs.pkl,11.328152,118.19967,91.842320244007
spectra/65400106_irs.pkl,-11.717164,4.3960757,14.113066562437975
spectra/65602309_irs.pkl,-8.005664,16.1758,23.452877516183687
spectra/65602310_irs.pkl,-38.82224,4.8688893,41.47160356263463
spectra/65902719_irs.pkl,-1.740904,132.36728,133.53683218588145
spectra/66001999_irs.pkl,2.0143256,210.00662,207.19537174856413
spectra/66101436_irs.pkl,74.064255,1040.0663,966.0020158745748
spectra/66300110_irs.pkl,-3.1910706,39.605736,37.51348039329599
spectra/66300214_irs.pkl,-4.9707146,15.433877,15.184204334704404
spectra/66301815_irs.pkl,5.4886136,37.372406,30.64514923095703
spectra/66302638_irs.pkl,-3.7382212,15.45312,16.48116656520685
spectra/66500410_irs.pkl,-8.202521,8.221034,13.769145068964711
spectra/66500511_irs.pkl,-1.2583703,22.35344,19.622169787413554
spectra/67301204_irs.pkl,-2.448425,37.701046,32.36429255466986
spectra/67301306_irs.pkl,-9.820149,62.668762,69.42825731773098
spectra/67404126_irs.pkl,4.9592843,123.134056,110.26509382113458
spectra/67501241_irs.pkl,-2.889286,54.087677,53.45643298105496
spectra/67600104_irs.pkl,9.131241,136.2074,125.27941217575513
spectra/67600406_irs.pkl,94.92962,503.7893,408.8596801757813
spectra/67601733_irs.pkl,-1.0403641,39.401386,38.21058257124237
spectra/67700102_irs.pkl,-6.6807237,11.094922,10.395969398447388
spectra/67700503_irs.pkl,2.0444982,562.2454,437.50856020542983
spectra/68000503_irs.pkl,14.591825,93.055786,77.85788300056846
spectra/68001206_irs.pkl,9.726666,98.21133,69.35931570826125
spectra/68100312_irs.pkl,0.1622404,22.594631,20.359138118090073
spectra/68101016_irs.pkl,3.1323347,58.42546,53.176338867456124
spectra/68300101_irs.pkl,-2.128929,20.853615,22.03235613612039
spectra/68401252_irs.pkl,-6.0881343,27.692944,28.375180409771836
spectra/68600302_irs.pkl,-0.21392907,32.248894,28.053664327007112
spectra/68701515_irs.pkl,54.038815,14516.66,14343.266714900143
spectra/68800128_irs.pkl,2.0034478,131.18228,125.39625722291385
spectra/68800561_irs.pkl,23.459663,2290.7805,2256.849633897926
spectra/68900196_irs.pkl,0.97895443,34.20111,28.456577585949827
spectra/68901006_irs.pkl,102.319695,56201.438,55732.16550708525
spectra/68901202_irs.pkl,6.10939,509.2327,503.12332310578097
spectra/69201980_irs.pkl,373.79053,5860.554,5421.2626953125
spectra/69500110_irs.pkl,116.03406,1409.552,1266.2636778387575
spectra/69500515_irs.pkl,-3.2570171,10.171665,6.101167111071488
spectra/69501070_irs.pkl,171.43657,939.5035,699.0152051736569
spectra/69501139_irs.pkl,-4.6660857,14.17824,16.456408196588406
spectra/69501409_irs.pkl,4.776231,2149.116,1611.9949091272147
spectra/69501806_irs.pkl,7.8252573,1958.5171,1937.510838623264
spectra/69502005_irs.pkl,4.7631183,840.0102,737.1667903804845
spectra/69502108_irs.pkl,8.096434,2114.8867,1695.1691850552081
spectra/69502207_irs.pkl,18.017664,2592.8752,2368.799901681413
spectra/69702604_irs.pkl,1.0640991,21.837044,12.230852356413225
spectra/69703802_irs.pkl,-6.012668,21.590586,26.537062127010103
spectra/69901113_irs.pkl,-1.0013757,61.423393,60.81901550215564
spectra/70001308_irs.pkl,1.0344794,34.70381,33.15999082932865
spectra/70001401_irs.pkl,-5.1784186,16.154854,9.521459455432911
spectra/70201801_irs.pkl,144.67142,568.73694,335.84718723214587
spectra/70300475_irs.pkl,3.0254533,248.98643,86.54048391077696
spectra/70301807_irs.pkl,48.276634,652.4341,570.4176226763634
spectra/70302306_irs.pkl,-6.118448,16.730173,14.664034073096074
spectra/70302403_irs.pkl,-3.8127396,23.349308,14.104700926501145
spectra/70400558_irs.pkl,57.194286,223.88916,155.8370728722935
spectra/70800234_irs.pkl,107.031746,194.97766,86.8132068963818
spectra/70900322_irs.pkl,-16.755177,25.190079,38.54381154168874
spectra/70901305_irs.pkl,4.9090743,1301.0905,1290.1190611729985
spectra/71002102_irs.pkl,8.23138,81.92045,69.4149469197391
spectra/71100888_irs.pkl,-1.9349464,379.07123,319.27742557451097
spectra/71101712_irs.pkl,47.83775,4114.3115,4030.650354077175
spectra/71101992_irs.pkl,25.933577,171.35606,139.05864239584932
spectra/71102004_irs.pkl,24.857943,2365.0444,2333.240763596971
spectra/71200120_irs.pkl,226.09674,509.38147,270.0950622642745
spectra/71200614_irs.pkl,-12.604042,10.695819,16.7354343838332
spectra/71502003_irs.pkl,3.7192543,70.25058,64.17337944870016
spectra/71602537_irs.pkl,-1.9740372,27.445349,26.4557007164039
spectra/71602619_irs.pkl,86.26443,578.3064,489.47094758501015
spectra/71800602_irs.pkl,11.858392,101.00893,86.76205382130085
spectra/71901011_irs.pkl,-2.665244,11.963843,10.77086103102463
spectra/72200805_irs.pkl,-33.87,18.195345,41.95929381883469
spectra/72201607_irs.pkl,75.62761,217.86389,123.01780508273943
spectra/72201901_irs.pkl,5.078526,201.05759,163.60268605004427
spectra/72301501_irs.pkl,2.6739573,17.275866,9.640287551789548
spectra/72401201_irs.pkl,1.0519441,12.808873,7.659917382049139
spectra/72500754_irs.pkl,-9.541627,8.428172,12.179179182192868
spectra/72501762_irs.pkl,-4.184319,279.12186,37.49516403396027
spectra/72802231_irs.pkl,10.302039,143.49535,133.18434144856496
spectra/72902207_irs.pkl,14.160789,511.12357,496.96276826816637
spectra/73000622_irs.pkl,12.198151,46.44996,32.43122640675732
spectra/73102513_irs.pkl,0.7025914,17.594057,10.727891314584983
spectra/73103039_irs.pkl,6227.957,12020.679,5592.985806756039
spectra/73200811_irs.pkl,4.3311825,90.57225,86.2410659790039
spectra/73201510_irs.pkl,10.940277,224.10707,213.1667938232422
spectra/73201716_irs.pkl,-7.385065,124.199005,131.58407575281944
spectra/73402079_irs.pkl,0.3133717,40.053036,37.772626669698376
spectra/73500129_irs.pkl,17.195057,226.62921,209.4341583251953
spectra/73501035_irs.pkl,7.734344,73.9257,63.035681788225716
spectra/73600222_irs.pkl,-1.5296305,18.81513,12.095180013999528
spectra/73600323_irs.pkl,3.0284352,14.692382,6.070371071289362
spectra/73600404_irs.pkl,6.6131134,56.474575,43.26231410000443
spectra/73600518_irs.pkl,-6.7946916,35.225716,40.66193692965731
spectra/73600709_irs.pkl,3.0592875,104.24675,95.59463192614572
spectra/73801242_irs.pkl,2.0760186,194.17397,70.11537205179138
spectra/74005215_irs.pkl,-2.3055882,99.649445,101.95503234863281
spectra/74102309_irs.pkl,16.992485,102.6288,77.26761429575028
spectra/74103105_irs.pkl,2787.0498,5766.6675,2821.3744408645034
spectra/74300825_irs.pkl,0.36029863,15.383376,7.831513400333243
spectra/74500512_irs.pkl,1.5991299,156.61018,150.05825449881922
spectra/74500605_irs.pkl,31.378338,272.74957,241.37123089733063
spectra/74500903_irs.pkl,2.5131176,27.03081,18.854195190115355
spectra/74501718_irs.pkl,-9.256868,11.517786,15.778384742232554
spectra/74600408_irs.pkl,-11.433547,6.2277703,13.299938541314043
spectra/74601307_irs.pkl,-2.066737,21.140247,15.805622873811904
spectra/74601883_irs.pkl,6.4043818,58.959137,49.11584394898025
spectra/74602095_irs.pkl,-8.7803,1.1347882,8.959007263183594
spectra/74602101_irs.pkl,73.25996,1054.8127,970.9705211186647
spectra/74803701_irs.pkl,-4.863827,8.0243435,6.396999557656753
spectra/74901823_irs.pkl,-2.4213727,11.510885,10.764674816648554
spectra/75100424_irs.pkl,40.900124,664.9913,602.0397762103864
spectra/75100641_irs.pkl,-16.693373,9.890776,20.703639842731555
spectra/75100642_irs.pkl,-1.1180421,16.545527,14.402789030170105
spectra/75100643_irs.pkl,-4.5733914,15.029536,18.324526806499577
spectra/75600502_irs.pkl,13.484067,158.23389,138.14176268899843
spectra/75601205_irs.pkl,-2.448766,6.2679615,5.9316809229604175
spectra/75700419_irs.pkl,11.587802,312.73993,297.44184534721126
spectra/76101413_irs.pkl,735.3246,1833.8737,1069.1534246911126
spectra/77602302_irs.pkl,-15.882954,9.799054,22.284959590662453
spectra/77700106_irs.pkl,-0.836977,32.409897,13.371437763669096
spectra/77800625_irs.pkl,-2.1233845,140.1105,142.02407836914062
spectra/77800722_irs.pkl,9.065123,70.000984,57.42473093300954
spectra/77900836_irs.pkl,10.341781,75.99996,63.01226198424935
spectra/77900911_irs.pkl,9.918463,30.494654,19.27944071278924
spectra/78200427_irs.pkl,15.081839,208.36694,193.2851104736328
spectra/78200523_irs.pkl,54.806934,169.44502,109.89333386077723
spectra/78201008_irs.pkl,-2.335073,19.247969,17.267202098440364
spectra/78201606_irs.pkl,-6.761803,60.051426,66.10953530674928
spectra/78800604_irs.pkl,10.09647,225.50935,206.08174338783218
spectra/78800709_irs.pkl,10.142855,2372.4924,2050.2765894865124
spectra/78800921_irs.pkl,8.791921,29.08761,17.118624667696132
spectra/79200268_irs.pkl,9.152238,54.345516,44.359426633296664
spectra/79501002_irs.pkl,17.3491,789.71466,765.2761840820312
spectra/79501105_irs.pkl,17.165005,855.36646,838.2014770507812
spectra/79702803_irs.pkl,18.52655,639.1731,619.5962524414062
spectra/79901510_irs.pkl,-0.7207629,22.693611,22.643323199322676
spectra/80000104_irs.pkl,46.224636,1070.5452,1008.1140141145233
spectra/80000938_irs.pkl,-0.74611336,16.4501,14.818996875522501
spectra/80002450_irs.pkl,14.266174,100.3968,79.12584953857399
spectra/80002504_irs.pkl,-2.2767239,48.305523,34.01505250247922
spectra/80104817_irs.pkl,2.126573,25.896082,21.93561370957614
spectra/80501620_irs.pkl,-1.9433223,102.10368,103.61333465576172
spectra/80600924_irs.pkl,23.786753,640.77277,615.028076171875
spectra/80700751_irs.pkl,-6.3159995,13.373918,14.844353191363314
spectra/80800708_irs.pkl,10.467971,35.648495,23.937026977539062
spectra/81001108_irs.pkl,9.198355,111.13107,101.55874633789062
spectra/81002351_irs.pkl,109.04663,535.32874,403.0182827863729
spectra/81002721_irs.pkl,-13.556317,18.355,31.18262481689453
spectra/81002824_irs.pkl,-2.4014823,11.047477,10.20060718346684
spectra/81100302_irs.pkl,3.31529,433.22214,429.9068603515625
spectra/81102402_irs.pkl,-3.9427679,13.6247225,9.81690744333075
spectra/81400201_irs.pkl,49.455647,136.8325,74.2962646484375
spectra/81600133_irs.pkl,30.959713,153.3138,111.64836968395173
spectra/81601210_irs.pkl,306.2342,619.9247,304.1774575986906
spectra/82001817_irs.pkl,20.617842,396.52228,366.05356439930506
spectra/82100309_irs.pkl,-0.058103252,36.49989,14.012235626609685
spectra/82301012_irs.pkl,1.2955387,43.975277,41.941426129426375
spectra/82401612_irs.pkl,-3.80583,25.415655,17.038731075928663
spectra/82401714_irs.pkl,-2.2910612,34.31886,12.483882655056718
spectra/82602113_irs.pkl,-14.298367,5.9757543,17.42667207977586
spectra/82602219_irs.pkl,-3.9313207,24.332365,20.556196746124794
spectra/82700405_irs.pkl,122.7668,372.93417,239.0888542958335
spectra/82700735_irs.pkl,11.42041,96.18205,84.76164245605469
spectra/82901301_irs.pkl,-6.046336,256.52298,249.80520742730195
spectra/83101507_irs.pkl,7.721431,2363.2092,2188.1969543715504
spectra/83301240_irs.pkl,-2.685301,22.634237,21.483224882069486
spectra/83301505_irs.pkl,1.6114625,123.82397,122.21250187895347
spectra/83301701_irs.pkl,19.504917,16671.898,16519.55330152015
spectra/83401008_irs.pkl,3.4844692,20.171955,10.46821946220674
spectra/83501201_irs.pkl,-1.6776781,18.768589,11.488497602252629
spectra/83501603_irs.pkl,-1.4594183,24.41386,14.73465416386171
spectra/83701639_irs.pkl,-2.425106,10.249248,9.3084839070134
spectra/83701909_irs.pkl,-2.5999973,11.973179,11.084691929145698
spectra/83801219_irs.pkl,2.4808497,16.786404,10.2969428194018
spectra/83801504_irs.pkl,-36.79077,8.472391,37.47394995381205
spectra/83801755_irs.pkl,-10.29512,16.211939,20.427330560281636
spectra/83801807_irs.pkl,10.20922,102.70118,92.49195861816406
spectra/83802031_irs.pkl,-8.212173,177.0893,179.8047332763672
spectra/83901103_irs.pkl,-7.3263774,98.92621,102.53469392646551
spectra/83901404_irs.pkl,1.45611,17.954836,12.00879719526898
spectra/84100301_irs.pkl,8.303769,360.96463,258.26405754229427
spectra/84101302_irs.pkl,-1.5289384,385.68878,296.0820396993609
spectra/84300128_irs.pkl,92.00595,2085.0422,1904.1477027959108
spectra/84300404_irs.pkl,5.240502,3605.023,3562.593251724629
spectra/84700107_irs.pkl,6.7428913,94.609375,87.38324737548828
spectra/84900929_irs.pkl,133.82324,396.13086,254.46368100361914
spectra/84901201_irs.pkl,-11.317896,4.4069104,13.093170414461929
spectra/84901804_irs.pkl,-1.7501655,37.03036,34.46669275384808
spectra/84902106_irs.pkl,-6.773051,29.103693,20.241883390585713
spectra/85000523_irs.pkl,0.18651745,15.290511,12.656808637388501
spectra/85000604_irs.pkl,4.8993793,41.425858,36.5264778137207
spectra/85303602_irs.pkl,3.5714285,140.36797,135.52010050466038
spectra/85403210_irs.pkl,3.9400702,62.18312,54.468038542566106
spectra/85600104_irs.pkl,0.25958723,18.155176,16.410632403722747
spectra/85700137_irs.pkl,-2.8347719,13.918662,13.865299933928338
spectra/85700231_irs.pkl,-3.4417176,15.51359,10.13769290227702
spectra/85700314_irs.pkl,-4.483956,23.484426,12.284560831298608
spectra/85700514_irs.pkl,39.785286,699.7329,659.9476318359375
spectra/85800120_irs.pkl,16.668297,92.00273,69.23914242330126
spectra/85800403_irs.pkl,7.341768,148.43782,140.32991076213608
spectra/85800502_irs.pkl,9.682858,33.63205,23.52967722701333
spectra/85801604_irs.pkl,11.823938,343.06223,317.25005710565654
spectra/86201803_irs.pkl,136.7194,377.29987,229.15701495417863
spectra/86201902_irs.pkl,0.2583752,63.648277,59.968694667873535
spectra/86202101_irs.pkl,18.033695,96.37794,78.34423828125
spectra/86300810_irs.pkl,10.593574,600.0468,587.8019696178831
spectra/86300968_irs.pkl,7.7984486,258.03503,248.63379868383254
spectra/86400616_irs.pkl,9.073871,29.677141,19.464046474874046
spectra/86500540_irs.pkl,1.4460367,310.65305,274.97439039060725
spectra/86602401_irs.pkl,12.117195,176.75479,164.25872802734375
spectra/86603434_irs.pkl,5.4522877,64.9082,59.45591735839844
spectra/86706617_irs.pkl,3.7800138,216.81862,208.4548492452997
spectra/86801101_irs.pkl,9.564886,56.143578,44.4225234959149
spectra/86801303_irs.pkl,4.602184,420.79315,416.19097900390625
spectra/86901013_irs.pkl,46.80539,99.50944,42.88990160389058
spectra/87000939_irs.pkl,-1.5571612,143.17712,136.96149765941374
spectra/87102602_irs.pkl,25.847956,92.925896,63.09961847212143
spectra/87102906_irs.pkl,-9.164463,14.7351055,11.952642057554066
spectra/87200109_irs.pkl,4.168019,114.09133,107.99446245903337
spectra/87200833_irs.pkl,0.32879245,187.33232,172.10422776397252
spectra/87201107_irs.pkl,-6.6867943,15.451631,13.299330922933049
spectra/87201221_irs.pkl,99.69977,617.7032,498.4950173794966
spectra/87201305_irs.pkl,62.651634,932.839,857.68212890625
spectra/87201709_irs.pkl,-28.561632,8.033325,32.038591457568536
spectra/87601701_irs.pkl,5.370662,9.609493,3.099963089006745
spectra/87700401_irs.pkl,-1.448107,0.1421212,1.5638501046391373
spectra/87700716_irs.pkl,266.47653,268.22076,1.4052734375
spectra/87901801_irs.pkl,-1.8248042,0.073731124,1.8495885331907198
