5.247489929199218750e+00
5.277729988098144531e+00
5.307970046997070312e+00
5.338210105895996094e+00
5.368460178375244141e+00
5.398700237274169922e+00
5.428939819335937500e+00
5.459179878234863281e+00
5.489419937133789062e+00
5.519670009613037109e+00
5.549910068511962891e+00
5.580150127410888672e+00
5.610390186309814453e+00
5.640629768371582031e+00
5.670879840850830078e+00
5.701119899749755859e+00
5.731359958648681641e+00
5.761600017547607422e+00
5.791840076446533203e+00
5.822090148925781250e+00
5.852330207824707031e+00
5.882569789886474609e+00
5.912809848785400391e+00
5.943049907684326172e+00
5.973299980163574219e+00
6.003540039062500000e+00
6.033780097961425781e+00
6.064020156860351562e+00
6.094260215759277344e+00
6.124509811401367188e+00
6.154749870300292969e+00
6.184989929199218750e+00
6.215229988098144531e+00
6.245470046997070312e+00
6.275720119476318359e+00
6.305960178375244141e+00
6.336200237274169922e+00
6.366439819335937500e+00
6.396679878234863281e+00
6.426929950714111328e+00
6.457170009613037109e+00
6.487410068511962891e+00
6.517650127410888672e+00
6.547890186309814453e+00
6.578139781951904297e+00
6.608379840850830078e+00
6.638619899749755859e+00
6.668859958648681641e+00
6.699100017547607422e+00
6.729350090026855469e+00
6.759590148925781250e+00
6.789830207824707031e+00
6.820069789886474609e+00
6.850309848785400391e+00
6.880559921264648438e+00
6.910799980163574219e+00
6.941040039062500000e+00
6.971280097961425781e+00
7.001520156860351562e+00
7.031770229339599609e+00
7.062009811401367188e+00
7.092249870300292969e+00
7.122489929199218750e+00
7.152729988098144531e+00
7.182980060577392578e+00
7.213220119476318359e+00
7.243460178375244141e+00
7.273700237274169922e+00
7.303939819335937500e+00
7.334189891815185547e+00
7.364429950714111328e+00
7.394670009613037109e+00
7.424910068511962891e+00
7.455150127410888672e+00
7.485400199890136719e+00
7.576119899749755859e+00
7.636600017547607422e+00
7.697090148925781250e+00
7.757569789886474609e+00
7.818049907684326172e+00
7.878540039062500000e+00
7.939020156860351562e+00
7.999509811401367188e+00
8.059989929199218750e+00
8.120470046997070312e+00
8.180959701538085938e+00
8.241439819335937500e+00
8.301919937133789062e+00
8.362409591674804688e+00
8.422889709472656250e+00
8.483369827270507812e+00
8.543860435485839844e+00
8.604339599609375000e+00
8.664830207824707031e+00
8.725310325622558594e+00
8.785790443420410156e+00
8.846280097961425781e+00
8.906760215759277344e+00
8.967240333557128906e+00
9.027729988098144531e+00
9.088210105895996094e+00
9.148690223693847656e+00
9.209179878234863281e+00
9.269659996032714844e+00
9.330149650573730469e+00
9.390629768371582031e+00
9.451109886169433594e+00
9.511599540710449219e+00
9.572079658508300781e+00
9.632559776306152344e+00
9.693050384521484375e+00
9.753529548645019531e+00
9.814009666442871094e+00
9.874500274658203125e+00
9.934980392456054688e+00
9.995470046997070312e+00
1.005595016479492188e+01
1.011643028259277344e+01
1.017691993713378906e+01
1.023740005493164062e+01
1.029788017272949219e+01
1.035836982727050781e+01
1.041884994506835938e+01
1.047933006286621094e+01
1.053981971740722656e+01
1.060029983520507812e+01
1.066079044342041016e+01
1.072126960754394531e+01
1.078174972534179688e+01
1.084224033355712891e+01
1.090272045135498047e+01
1.096319961547851562e+01
1.102369022369384766e+01
1.108417034149169922e+01
1.114465045928955078e+01
1.120514011383056641e+01
1.126562023162841797e+01
1.132610988616943359e+01
1.138659000396728516e+01
1.144707012176513672e+01
1.150755977630615234e+01
1.156803989410400391e+01
1.162852001190185547e+01
1.168900966644287109e+01
1.174948978424072266e+01
1.180996990203857422e+01
1.187045955657958984e+01
1.193093967437744141e+01
1.199143028259277344e+01
1.205191040039062500e+01
1.211238956451416016e+01
1.217288017272949219e+01
1.223336029052734375e+01
1.229384040832519531e+01
1.235433006286621094e+01
1.241481018066406250e+01
1.247529029846191406e+01
1.253577995300292969e+01
1.259626007080078125e+01
1.265674972534179688e+01
1.271722984313964844e+01
1.277770996093750000e+01
1.283819961547851562e+01
1.289867973327636719e+01
1.295915985107421875e+01
1.301965045928955078e+01
1.308012962341308594e+01
1.314060974121093750e+01
1.320110034942626953e+01
1.326158046722412109e+01
1.332205963134765625e+01
1.338255023956298828e+01
1.344303035736083984e+01
1.350352001190185547e+01
1.356400012969970703e+01
1.362448024749755859e+01
1.368496990203857422e+01
1.374545001983642578e+01
1.380593013763427734e+01
1.386641979217529297e+01
1.392689990997314453e+01
1.398738002777099609e+01
1.406935024261474609e+01
1.415402984619140625e+01
1.423871040344238281e+01
1.432338047027587891e+01
1.440806007385253906e+01
1.449273967742919922e+01
1.457740974426269531e+01
1.466209030151367188e+01
1.474676990509033203e+01
1.483145046234130859e+01
1.491611957550048828e+01
1.500080013275146484e+01
1.508547973632812500e+01
1.517014980316162109e+01
1.525483036041259766e+01
1.533950996398925781e+01
1.542418003082275391e+01
1.550885963439941406e+01
1.559354019165039062e+01
1.567821025848388672e+01
1.576288986206054688e+01
1.584757041931152344e+01
1.593223953247070312e+01
1.601692008972167969e+01
1.610160064697265625e+01
1.618627929687500000e+01
1.627095031738281250e+01
1.635563087463378906e+01
1.644030952453613281e+01
1.652498054504394531e+01
1.660965919494628906e+01
1.669433975219726562e+01
1.677901077270507812e+01
1.686368942260742188e+01
1.694836997985839844e+01
1.703303909301757812e+01
1.711771965026855469e+01
1.720240020751953125e+01
1.728706932067871094e+01
1.737174987792968750e+01
1.745643043518066406e+01
1.754110908508300781e+01
1.762578010559082031e+01
1.771046066284179688e+01
1.779513931274414062e+01
1.787981033325195312e+01
1.796449089050292969e+01
1.804916954040527344e+01
1.813384056091308594e+01
1.821851921081542969e+01
1.830319976806640625e+01
1.838787078857421875e+01
1.847254943847656250e+01
1.855722999572753906e+01
1.864189910888671875e+01
1.872657966613769531e+01
1.881126022338867188e+01
1.889594078063964844e+01
1.898060989379882812e+01
1.906529045104980469e+01
1.914996910095214844e+01
1.923464012145996094e+01
1.931932067871093750e+01
1.940399932861328125e+01
1.948867034912109375e+01
1.957335090637207031e+01
1.965802955627441406e+01
1.974270057678222656e+01
1.982737922668457031e+01
1.991205978393554688e+01
1.999673080444335938e+01
2.008140945434570312e+01
2.016609001159667969e+01
2.025077056884765625e+01
2.033543968200683594e+01
2.042012023925781250e+01
2.050480079650878906e+01
2.058946990966796875e+01
2.075882911682128906e+01
2.092818069458007812e+01
2.109753036499023438e+01
2.126688957214355469e+01
2.143623924255371094e+01
2.160560035705566406e+01
2.177495002746582031e+01
2.194429969787597656e+01
2.211366081237792969e+01
2.228301048278808594e+01
2.245236015319824219e+01
2.262171936035156250e+01
2.279107093811035156e+01
2.296043014526367188e+01
2.312977981567382812e+01
2.329912948608398438e+01
2.346849060058593750e+01
2.363784027099609375e+01
2.380718994140625000e+01
2.397654914855957031e+01
2.414590072631835938e+01
2.431525993347167969e+01
2.448460960388183594e+01
2.465395927429199219e+01
2.482332038879394531e+01
2.499267005920410156e+01
2.516201972961425781e+01
2.533138084411621094e+01
2.550073051452636719e+01
2.567008972167968750e+01
2.583943939208984375e+01
2.600878906250000000e+01
2.617815017700195312e+01
2.634749984741210938e+01
2.651684951782226562e+01
2.668621063232421875e+01
2.685556030273437500e+01
2.702491950988769531e+01
2.719426918029785156e+01
2.736362075805664062e+01
2.753297996520996094e+01
2.770232963562011719e+01
2.787167930603027344e+01
2.804104042053222656e+01
2.821039009094238281e+01
2.837974929809570312e+01
2.854910087585449219e+01
2.871845054626464844e+01
2.888780975341796875e+01
2.905715942382812500e+01
2.922650909423828125e+01
2.939587020874023438e+01
2.956521987915039062e+01
2.973457908630371094e+01
2.990393066406250000e+01
3.007328033447265625e+01
3.024263954162597656e+01
3.041198921203613281e+01
3.058134078979492188e+01
3.075069999694824219e+01
3.092004966735839844e+01
3.108941078186035156e+01
3.125876045227050781e+01
3.142811012268066406e+01
3.159746932983398438e+01
3.176682090759277344e+01
3.193617057800292969e+01
3.210552978515625000e+01
3.227487945556640625e+01
3.244424057006835938e+01
3.261359024047851562e+01
3.278293991088867188e+01
3.295230102539062500e+01
3.312165069580078125e+01
3.329100036621093750e+01
3.346036148071289062e+01
3.362971115112304688e+01
3.379906845092773438e+01
3.396841812133789062e+01
3.413777160644531250e+01
3.430712890625000000e+01
3.447647857666015625e+01
3.464582824707031250e+01
3.481518936157226562e+01
3.498453903198242188e+01
3.515390014648437500e+01
3.532324981689453125e+01
3.549259948730468750e+01
3.566196060180664062e+01
3.583131027221679688e+01
3.600065994262695312e+01
3.617002105712890625e+01
3.633937072753906250e+01
3.650873184204101562e+01
3.667808151245117188e+01
3.684743118286132812e+01
3.701678848266601562e+01
3.718613815307617188e+01
3.735549163818359375e+01
