# iso_filename, spec_min, spec_max, norm_factor (shift first, then norm!!)
spectra/02400714_sws.pkl,-3.938295760531123,356.8436809729308,164.63236323735268
spectra/02400807_sws.pkl,-1.6495896341333853,325.1246214297383,172.5286156508763
spectra/02400910_sws.pkl,7.217859607143017,328.7783695900249,124.7535755587528
spectra/02401183_sws.pkl,16.239707118821716,2618.995234735926,1750.9073817830167
spectra/02401579_sws.pkl,17.56617777159704,376.93806351219536,359.0802717515376
spectra/02402105_sws.pkl,21.248408989383723,391.3868470727155,368.0050201218577
spectra/02800433_sws.pkl,61.26802361997249,2890.464095941134,2811.631703523676
spectra/02800908_sws.pkl,-0.4142052706557406,327.5847216750139,157.0284656479747
spectra/03201129_sws.pkl,7.420588551764851,39.69687626604076,21.183039883909615
spectra/03201202_sws.pkl,5.137991616552669,309.1964590921099,132.38330748466285
spectra/03602226_sws.pkl,1.9035951667356084,21.85403621577582,19.95044104904021
spectra/04000458_sws.pkl,7.992225794641509,86.56525305089579,65.3964136089017
spectra/04000652_sws.pkl,7.848695497934323,75.55131218079502,51.0291496138657
spectra/04001456_sws.pkl,-1.100000023841858,26.095989416813943,22.929590365519864
spectra/04001710_sws.pkl,0.6080066038379289,23.869876989445242,20.58646238023692
spectra/04002405_sws.pkl,3.450000047683716,414.54026182426657,411.09026177658285
spectra/05200726_sws.pkl,3077.334193244623,6178.095683734095,2985.350655343219
spectra/05601291_sws.pkl,111.78386815774238,2080.6452646035036,1968.8613964457616
spectra/05602477_sws.pkl,-9.77895343633802,91.71696559159284,85.49462720980839
spectra/05602595_sws.pkl,71.70777020184276,1127.7355670921136,1056.027796890271
spectra/05602852_sws.pkl,238.7584325996652,1900.5575822225496,1545.9678198726183
spectra/06000280_sws.pkl,-43.865323748891115,1321.8699951171875,1324.3848317559357
spectra/06001362_sws.pkl,-15.632324798518422,15.615425458099782,26.188600303400996
spectra/06401081_sws.pkl,67.46084664502474,4769.571779422478,4656.4426698642965
spectra/06800697_sws.pkl,6.950383980805774,52.61974456848705,45.66936058768128
spectra/07100250_sws.pkl,0.0,55594.94921875,55594.94921875
spectra/07100434_sws.pkl,59.16131612552368,1767.0082298408015,1707.8469137152779
spectra/07100579_sws.pkl,13.06722323408025,241.95623929289792,217.82841060337375
spectra/07200272_sws.pkl,10.372299628509737,47.172665078171114,30.02293070345585
spectra/07200351_sws.pkl,12.645885057973933,32.40487248072625,18.482462549223698
spectra/07200459_sws.pkl,6.051589153867145,155.65141358391122,148.54606739725193
spectra/07200660_sws.pkl,-8.76013641107191,279.5310402138199,271.34529255158645
spectra/07201132_sws.pkl,14.01180939358985,66.26310810343071,52.25129870984087
spectra/07900620_sws.pkl,11.262295569812364,31.113471710148534,19.566149241256035
spectra/07900723_sws.pkl,10.639397473963701,162.6510314702534,145.3474571725805
spectra/07901027_sws.pkl,57.41260354654006,337.6875853695488,274.41208778854025
spectra/07901133_sws.pkl,12.037592192302263,132.60114650704514,119.5638057578096
spectra/07901201_sws.pkl,-6.876985215014723,125.2497616671343,27.520465526429543
spectra/07901307_sws.pkl,142.60253044564064,2702.2387065770154,2526.0591606550042
spectra/07901402_sws.pkl,58.082814055678035,148.46672716266414,82.23130317922477
spectra/07901809_sws.pkl,126.36563075207714,1059.8001655916185,933.4345348395414
spectra/07902010_sws.pkl,-0.8636154851809197,77.70153271491799,67.24305125994397
spectra/07902104_sws.pkl,-0.3559946736529152,83.36971014476171,52.71668229158064
spectra/07902231_sws.pkl,5.18540173732201,344.4428030305905,313.4414052192209
spectra/07902703_sws.pkl,3.6603355215618065,75.87726011600773,67.25899291527637
spectra/07902909_sws.pkl,-23.41651910645948,4.957962288059303,24.983886087205413
spectra/07903010_sws.pkl,65.14869589509637,324.8915698587314,248.2788147574609
spectra/07903307_sws.pkl,6.114415477899006,321.5323877937898,300.6833579185334
spectra/07903403_sws.pkl,3.705929914160158,452.4520290773802,448.74609916322004
spectra/08000130_sws.pkl,-17.039926197333674,78.30485016978818,95.34477636712185
spectra/08000345_sws.pkl,-0.6405451146448067,21.445402929880046,17.00814998313599
spectra/08000921_sws.pkl,14.543644725312083,78.61441698507132,64.07077225975925
spectra/08001274_sws.pkl,264.65666920261583,2075.0587970330716,1679.5720314247249
spectra/08001522_sws.pkl,-3.2393482543784935,26.129856800466747,28.37024063368594
spectra/08001631_sws.pkl,2.0260281588321254,75.03461295032258,73.00858479149048
spectra/08001855_sws.pkl,105.58007382511452,801.1886846987541,672.0555489977219
spectra/08001921_sws.pkl,70.68541463170318,464.1844457600899,359.58091371792034
spectra/08002002_sws.pkl,18.975870394174795,71.76271330205361,52.78684290787882
spectra/08101310_sws.pkl,-7.339726153857205,119.38177595015999,55.00657102248499
spectra/08101808_sws.pkl,33.33671996005182,658.4406918466717,622.1664858870364
spectra/08200369_sws.pkl,308.0208432116478,6128.872822593237,5730.157556176883
spectra/08200444_sws.pkl,-7.485721607876329,21.262559806602813,25.241279820783568
spectra/08200502_sws.pkl,231.71846982183038,2059.1108002514534,1827.392330429623
spectra/08200606_sws.pkl,18.492110746606862,58.914695225655976,27.827771767043927
spectra/08200810_sws.pkl,0.6166123871749393,85.55425526300364,84.9376428758287
spectra/08201001_sws.pkl,-7.788790073508416,24.569432780898957,31.794897595443757
spectra/08201127_sws.pkl,-8.998478848877733,11.142166448694747,17.142414395587615
spectra/08201231_sws.pkl,11.67932238230415,426.9606905909555,415.2813682086513
spectra/08201905_sws.pkl,139.93457129688258,1163.654543277327,1023.7199719804445
spectra/08202007_sws.pkl,20.517596907625865,94.79417119180235,71.6184203328672
spectra/08202304_sws.pkl,-10.08313526474798,3.0487035724199774,10.691101618207632
spectra/08202437_sws.pkl,13.315860284869098,197.93444435783462,176.2573031655662
spectra/08302021_sws.pkl,-0.732845115732664,34.69365440883832,29.548569647899328
spectra/08400628_sws.pkl,-1.24172066817328,54.822838416803435,49.54399569853626
spectra/08400730_sws.pkl,3.939162972086993,79.2654617874106,74.74444611233181
spectra/08400808_sws.pkl,-7.097356927223339,54.884371464512746,32.31938682435557
spectra/08401033_sws.pkl,20.505823926043757,419.22045861712814,379.305523544385
spectra/08401219_sws.pkl,12.531132644935758,49.975119521342364,18.23309040419887
spectra/08402527_sws.pkl,30.723266541230394,325.0374230594495,287.56732104405364
spectra/08402713_sws.pkl,-9.143322065768025,205.11862471618468,55.71341272994738
spectra/08402942_sws.pkl,1.6472151589286848,22.177007470052622,15.670978734415124
spectra/08403013_sws.pkl,167.7162623269156,731.9406997627856,531.6280241302672
spectra/08501105_sws.pkl,-1.3976057197912373,44.51886685442255,41.87299208786318
spectra/08501401_sws.pkl,1.2243580213567542,36.868444093845355,30.968709946515226
spectra/08502452_sws.pkl,-0.9603046425420712,90.0702052799017,87.7656773188975
spectra/08902004_sws.pkl,528.5024461583706,4994.947381485737,4466.444935327367
spectra/09101922_sws.pkl,54.91355447796908,4077.4685210511416,3987.0422330475676
spectra/09101923_sws.pkl,-8.324230566439565,7.124683810967217,9.747581008434828
spectra/09101924_sws.pkl,-7.119526999363034,16.32403142470687,11.850050278786561
spectra/09101925_sws.pkl,-10.673571312217138,3.467813650382593,11.710165111673248
spectra/09102647_sws.pkl,20.185461504279772,2635.834509902887,2601.0042856980454
spectra/09200604_sws.pkl,0.5087298207456831,13.383081690112352,7.009966706115579
spectra/09200725_sws.pkl,-3.6490827704322344,8.461798488941398,5.698608175480674
spectra/09200727_sws.pkl,-9.855917660264357,5.685151577086062,13.39818798104854
spectra/09200828_sws.pkl,-5.489946278804145,10.53087289743062,10.909569853205484
spectra/09400716_sws.pkl,4.782128954594898,752.4624657536184,551.3145387610575
spectra/09401025_sws.pkl,22.158978678614794,5464.465507095394,5392.923406123054
spectra/09401206_sws.pkl,7.023215866026569,104.79351330805578,96.23350061761609
spectra/09401801_sws.pkl,147.58111571255077,4295.841951301349,3620.3637146762835
spectra/09401905_sws.pkl,16.524498719120857,2067.686994719286,1896.5782991723745
spectra/09402123_sws.pkl,-3.4392655701256993,367.15062146713603,342.69262481408856
spectra/09500203_sws.pkl,5.173215788206906,1211.474338148654,1090.5563456161676
spectra/09500348_sws.pkl,2.8615183579654424,26.56882586023085,19.89491182511949
spectra/09500544_sws.pkl,7.686460835840635,27.468346535347923,13.384833108897947
spectra/09500646_sws.pkl,-20.99195963295947,39.92448447947178,46.92657451744299
spectra/09502846_sws.pkl,90.13330448971321,476.88067779974097,367.0551013185744
spectra/09604831_sws.pkl,40.753324807921445,242.7181422914406,185.91175744043818
spectra/09801532_sws.pkl,8.040411861546838,655.0134647225458,642.5998568965301
spectra/09900171_sws.pkl,655.4695551506987,3460.7941645091964,2677.895792733031
spectra/09900212_sws.pkl,5.367190530690178,2789.454448457427,1409.6884075073276
spectra/09900214_sws.pkl,14.767164977802654,2438.1813427404973,1634.9771838751858
spectra/09900216_sws.pkl,5.636500032709986,668.2569456675626,638.8630323092145
spectra/09900218_sws.pkl,3.665639352707122,171.56546690224792,161.42754743100076
spectra/09901027_sws.pkl,-1.3164888255172087,8308.048260467114,8230.712848098196
spectra/09901105_sws.pkl,3.8045950982063044,182.28929200608334,104.56523647434142
spectra/09901106_sws.pkl,0.1734674164953439,76.42524463109957,28.1894186096521
spectra/09901207_sws.pkl,71.50532195018963,504.29267262963293,423.99363571950204
spectra/09901413_sws.pkl,16.973611757976432,3042.1478515814724,1569.294230127793
spectra/09901415_sws.pkl,12.59515154728274,1180.8409285234031,999.5205368977508
spectra/09901417_sws.pkl,-0.3943714714821174,225.51347125277135,222.69883209934414
spectra/09901419_sws.pkl,5.209177099294843,104.46273696321481,87.3140313752831
spectra/10100310_sws.pkl,-0.5023346386926003,23.85648553617411,15.395669174830914
spectra/10101714_sws.pkl,18.14883590155667,82.37471939135517,63.43548826818274
spectra/10101909_sws.pkl,-5.018894973993104,39.49855476528733,38.82653463027068
spectra/10200126_sws.pkl,14.710808895104382,437.8659289701497,423.1551200750453
spectra/10200835_sws.pkl,3.2644867069066277,53.08520248432575,49.82071577741912
spectra/10201811_sws.pkl,-4.059759265994758,1278.9264994309572,617.4224128461132
spectra/10201820_sws.pkl,0.8379123336077441,86.27519918434619,63.387657107128945
spectra/10201908_sws.pkl,24.397384044504882,184.28535311022426,155.1628169817173
spectra/10300636_sws.pkl,-4.643513038332932,214.69657426380476,212.56318456900132
spectra/10400424_sws.pkl,7.400916298694085,22.891074168734594,11.693806106206893
spectra/10400818_sws.pkl,2.788616911356442,42.736436149903106,36.87183648326624
spectra/10401225_sws.pkl,-12.671159601116809,2035.1066265049276,1963.324612926816
spectra/10401575_sws.pkl,-0.14110905295526222,18.975787751998755,15.374605393959534
spectra/10402046_sws.pkl,7.7780725375439355,45.519651131923645,36.42818342088904
spectra/10402442_sws.pkl,-8.30297456060965,6.214564387474558,9.229411305185202
spectra/10402952_sws.pkl,3.8059818606991334,34.83752192908843,26.458822861982323
spectra/10600409_sws.pkl,6.011220489388447,64.98090584467042,56.068535545249446
spectra/10600514_sws.pkl,1.8495500526283732,66.65320501041914,60.828207147187
spectra/10601001_sws.pkl,18.876066131452593,118.88560547423101,100.00953934277842
spectra/10703103_sws.pkl,9.042182849077253,33.16956313272209,20.133788061813394
spectra/10802509_sws.pkl,8.52649031462695,93.6921584467638,84.1062359452323
spectra/10802940_sws.pkl,4.033489497611044,144.8085180661244,131.09545550281013
spectra/11101103_sws.pkl,15.890040225700554,299.10546984386,275.36878424655225
spectra/11101727_sws.pkl,29.48146951163939,225.6704259771676,180.73633914376273
spectra/11103947_sws.pkl,52.83351608604605,898.0987174877355,845.2652014016894
spectra/11105149_sws.pkl,27.74113671289493,135.226795338852,101.2912188651429
spectra/11301301_sws.pkl,-3.845817672445819,28.915736714804208,22.15168627776834
spectra/11301444_sws.pkl,18.51273148413384,972.6777024681658,925.0259356367594
spectra/11401742_sws.pkl,-1.3497579625127385,279.63476471040065,279.06401608328133
spectra/11402015_sws.pkl,4.551772199933882,40.653672816272454,34.5179237804934
spectra/11501805_sws.pkl,-6.003510483920584,53.52228436402446,50.23414902584321
spectra/11600319_sws.pkl,3.25496678456777,524.7091761603002,382.9870370839384
spectra/11601203_sws.pkl,9.007273754203739,102.67696683141936,93.16757344475225
spectra/11701107_sws.pkl,-1.0784993885730492,37.06565222452485,32.194659336338894
spectra/11701221_sws.pkl,-8.745883934830697,679.3668048907319,389.4617213116959
spectra/11701311_sws.pkl,34.23921885985953,1666.024896836219,1620.2040153883195
spectra/11702216_sws.pkl,21.109816267858434,2470.211903732215,1600.108667172582
spectra/11800205_sws.pkl,2.283027698852634,32.771163669979764,21.100688871305113
spectra/11800206_sws.pkl,-0.756826134116795,7.533868063808023,7.189474339040251
spectra/11801514_sws.pkl,-8.621458116996724,34.076593138267924,37.68359711925147
spectra/11801612_sws.pkl,-8.897775305021602,40.954952754406506,45.40078688726045
spectra/11802102_sws.pkl,-21.3228840170334,24.082687586498952,36.08317193577738
spectra/12000604_sws.pkl,26.553489642181862,203.5002368184851,176.94674717630323
spectra/12000774_sws.pkl,-9.687802444322934,3.0290370860520146,12.04651947110469
spectra/12101602_sws.pkl,11.788789141419194,78.08073956514413,65.47345164272551
spectra/12102004_sws.pkl,-0.8377262574514405,105.02112166933226,102.45241348015772
spectra/12103028_sws.pkl,14.463378832030338,592.7247963080384,578.2614174760081
spectra/12200329_sws.pkl,115.70571053657926,522.9846429462416,407.27893240966233
spectra/12202004_sws.pkl,-3.3980864872562955,35.498738887218316,33.74405633973704
spectra/12302133_sws.pkl,5.506953237497252,1728.4812502592881,1138.7954473574898
spectra/12302238_sws.pkl,5.42894903206574,1486.2953407849634,1339.620385383556
spectra/12302539_sws.pkl,18.101230878095205,1239.7440679033136,559.2141398294431
spectra/12402160_sws.pkl,9.006769791029638,28.26770194754226,17.46009184713986
spectra/12500843_sws.pkl,5.237648587892298,244.06436239767348,235.05439048822785
spectra/12601117_sws.pkl,36.80305813913053,76.35044324263076,39.54738510350023
spectra/12601216_sws.pkl,69.47815818480298,381.38634118816026,297.66459964012006
spectra/12601315_sws.pkl,22.419801795943147,443.68735782989376,421.2675560339506
spectra/12601418_sws.pkl,19.349582628704887,450.44759201458356,431.09800938587875
spectra/12601519_sws.pkl,18.228902777031557,431.2118711594568,412.88788467119457
spectra/12601721_sws.pkl,19.906289062506875,447.3332398660121,427.42695080350524
spectra/12700917_sws.pkl,44.355201795347455,307.22851944938094,252.7304986141806
spectra/12701432_sws.pkl,83.23644767730039,429.8101999453126,327.1086109097152
spectra/12702002_sws.pkl,-24.741586310997405,35.60266054360588,30.99940391297003
spectra/12801105_sws.pkl,10.070948051561937,106.2522374684607,96.18128941689878
spectra/12801311_sws.pkl,172.88344460312055,2654.958198987387,2442.1385286224413
spectra/12801416_sws.pkl,53.873116803127715,10558.550322026957,10403.595632231692
spectra/13001348_sws.pkl,4.8530157680116615,61.49216512818458,55.02252132460279
spectra/13201304_sws.pkl,-0.42169154018297605,59.812903283481404,60.16535765192357
spectra/13400705_sws.pkl,-2.0298675560935253,17.9616545359265,15.897993966476902
spectra/13400810_sws.pkl,3.686559339226079,68.39793966510047,18.964671044881957
spectra/13401107_sws.pkl,4.259379171416093,52.471553285602695,36.43680988679378
spectra/13401806_sws.pkl,-2.9831415103750967,111.54272063734317,31.070977869390187
spectra/13401911_sws.pkl,-7.9100084640294215,8.35604479689454,14.45174145233604
spectra/13402006_sws.pkl,-4.096891728363018,35.55485159112052,30.717944821451187
spectra/13402168_sws.pkl,8.088065388797892,1218.9579412884348,1206.00944587834
spectra/13501003_sws.pkl,-0.3388483510850549,34.1787617981933,29.399672077892042
spectra/13502641_sws.pkl,35.33322527045175,1737.3459113749652,1061.2622067454881
spectra/13502736_sws.pkl,51.8183368627371,4664.735535029547,4558.7127382365725
spectra/13600731_sws.pkl,-5.602869053866533,19.956472945029645,23.207900572858108
spectra/13600935_sws.pkl,73.57468612001949,3778.6358699426314,3225.554840789915
spectra/13601359_sws.pkl,5.308506773845426,24.445250173729324,15.746031875537948
spectra/13601533_sws.pkl,-4.591907510137482,94.89222395864336,93.66117005052271
spectra/13601695_sws.pkl,234.62366071252944,3182.296394060209,2774.7070106642927
spectra/13601739_sws.pkl,2.9680971139699692,30.000596709168544,26.40313071474702
spectra/13601925_sws.pkl,-2.515789352716093,11.327966528668803,10.083878626254032
spectra/13602083_sws.pkl,44.95275151119421,396.4349662078744,307.4455427813143
spectra/13602128_sws.pkl,20.081203726931545,85.9699937931426,41.829046841316995
spectra/13900707_sws.pkl,-9.385595141738408,19.050757302462085,10.902942678069717
spectra/13901048_sws.pkl,5.799716631884742,59.61266404640928,46.44007366754936
spectra/13901508_sws.pkl,0.00898807374876578,25.30574280154678,11.316657555268261
spectra/13901709_sws.pkl,-3.204077851525518,74.45837280467464,26.261272356122802
spectra/14100205_sws.pkl,-12.942918774834185,78.74741833381448,60.046710886103405
spectra/14100458_sws.pkl,52.687039333469706,166.00109247153787,106.03528585827745
spectra/14100603_sws.pkl,0.5692816034537639,11.959464986555588,6.34420993344781
spectra/14100818_sws.pkl,4.440932891735373,50.52912158130546,45.16215135044069
spectra/14101101_sws.pkl,8.490068658118027,67.80458153621571,56.73613815109058
spectra/14101343_sws.pkl,10.268528195790688,75.88390226037941,60.61212855004238
spectra/14300723_sws.pkl,-9.7762696192224,238.74710231534263,248.52337193456503
spectra/14302273_sws.pkl,10.064973237851254,49.493333433967344,16.10097481987924
spectra/14302717_sws.pkl,2.270800251334792,32.836273402588695,25.539297064905043
spectra/14400108_sws.pkl,0.6815981467077652,62.83676078491057,62.15516263820281
spectra/14400346_sws.pkl,-5.894384163138317,206.3982377872227,205.95193282224812
spectra/14401129_sws.pkl,81.06388310540495,991.1250749643533,905.5998278365992
spectra/14401412_sws.pkl,109.94094030613373,2600.721724170847,2490.7807838647136
spectra/14401702_sws.pkl,95.75414247792833,945.3858954548637,849.6317529769353
spectra/14401801_sws.pkl,85.69908165075383,547.5054570653738,461.80637541461994
spectra/14601350_sws.pkl,46.67512740536675,5024.095401434389,4931.516047495294
spectra/14800102_sws.pkl,-4.546608848134776,36.42156025611285,33.62998079334402
spectra/14800210_sws.pkl,2.0695278879040413,50.669042703247875,41.32221349664243
spectra/14801636_sws.pkl,5.201988575608625,535.479467272596,524.5948988198787
spectra/14802136_sws.pkl,5.15340656646811,1201.7553939762624,1184.5356291291887
spectra/14900323_sws.pkl,7.441547820093564,1186.017732122769,1166.7765686465511
spectra/14900804_sws.pkl,5.1552160126118896,76.86830782814059,57.70263582245855
spectra/14901407_sws.pkl,1.1519435497933128,149.116505249572,63.82852864956792
spectra/15000444_sws.pkl,1.3894239288163996,818.4163749054674,813.5253683407482
spectra/15001041_sws.pkl,-4.666797421568507,376.54181648930887,186.6658596169575
spectra/15101105_sws.pkl,1.8052045170272617,59.64043764973483,46.34738793124022
spectra/15200555_sws.pkl,-0.7813381975844711,1220.3246579314634,1208.2887547280188
spectra/15200813_sws.pkl,-5.94947204752076,48.505705721371704,48.78517938570129
spectra/15201140_sws.pkl,3.718735542596317,343.4357464728155,338.2034969824064
spectra/15201383_sws.pkl,9.821228512981916,3114.2082195352227,2883.048532427717
spectra/15201645_sws.pkl,6.968570426475942,533.7069482110894,457.39439227634205
spectra/15201791_sws.pkl,23.921741155106094,882.8587519994014,852.1371780962155
spectra/15301566_sws.pkl,51.057805381858394,617.670272069459,525.6888960080244
spectra/15900437_sws.pkl,141.78572628260676,1855.3969175246173,1713.0205140307644
spectra/15901205_sws.pkl,14.803181226335692,66.27410828964041,46.24268057792702
spectra/15901777_sws.pkl,-0.4509626617604934,101.7449031928691,91.67168737647498
spectra/15901853_sws.pkl,3.740435231769204,606.7558161868751,585.9394969155001
spectra/16000806_sws.pkl,28.506985384777444,292.7242062160325,263.2116579576873
spectra/16000926_sws.pkl,24.13145600597445,377.74618080602494,343.6401938985584
spectra/16001527_sws.pkl,7.084023173066351,137.32392422331,129.27785292094296
spectra/16401105_sws.pkl,-4.7715237257406535,8.031815690212252,10.108849892736943
spectra/16401849_sws.pkl,-5.667817855032198,98.71627947229165,99.19254662827588
spectra/16402151_sws.pkl,27.758122596723968,257.4965750955243,220.56937265635855
spectra/16402335_sws.pkl,231.15640547398257,840.4283046578649,597.2259128039381
spectra/16402602_sws.pkl,8.653275921667756,59.20021902944258,47.33405224265987
spectra/16700767_sws.pkl,1.2091688986481106,18.651698605715758,12.047042499982165
spectra/17000529_sws.pkl,1.9373375563604283,41.62714584312736,25.265133494187047
spectra/17001027_sws.pkl,-8.57007567017644,43.47028622881894,46.96983166327451
spectra/17100101_sws.pkl,3.959843566366944,77.81998023598,64.27266608540785
spectra/17100205_sws.pkl,10.623454443845525,305.02818300384865,276.3476456982494
spectra/17100512_sws.pkl,-0.40535839632292353,404.3943964242465,194.4313804456505
spectra/17101710_sws.pkl,-9.393292912553783,24.777035540743697,19.65212000282641
spectra/17101809_sws.pkl,-7.509578695121101,6.2751621333131675,9.624567398574513
spectra/17101907_sws.pkl,-2.4120924701187354,11.042433678709118,9.608369533058365
spectra/17102008_sws.pkl,-2.925314161185984,19.80934923156552,20.221479146981274
spectra/17200523_sws.pkl,-0.1356772784455111,23.275399836580295,20.053061849793792
spectra/17201135_sws.pkl,-2.054603293929969,19.42454998640141,20.017077294898243
spectra/17300749_sws.pkl,-12.579265230941113,60.31098905921437,72.8902542901555
spectra/17301206_sws.pkl,42.67753743196288,318.13926365510184,270.9790760851432
spectra/17400603_sws.pkl,-0.3282844515984505,21.366437581776324,15.24291858563116
spectra/17600204_sws.pkl,5.692027197327975,15.953099306218832,9.196302727456874
spectra/17600305_sws.pkl,-3.164036035064104,7.497261003760573,6.231254905861871
spectra/17600529_sws.pkl,-6.562750846834581,37.98746879673015,39.01887262967644
spectra/17601108_sws.pkl,-1.9447012899677487,21.97474790877446,17.641521480651036
spectra/17601109_sws.pkl,-4.530386882436882,17.690268920754683,14.17291902118378
spectra/17701049_sws.pkl,55.120847590204455,4313.712972030871,4227.295689837514
spectra/17701258_sws.pkl,3.7624207538666514,253.1380690542757,234.09707249670205
spectra/17800501_sws.pkl,16.105069094449302,135.3998370715116,119.29476797706229
spectra/17800870_sws.pkl,-2.081134862875507,17.541619161741846,16.759269789574965
spectra/17800872_sws.pkl,-4.979508691510473,5.546153342018232,7.428742125064298
spectra/17800876_sws.pkl,-7.08854918638346,4.505490979681295,9.658246815302169
spectra/17801806_sws.pkl,-1.8277322480313893,57.10153679005617,46.34419931011504
spectra/17900204_sws.pkl,-6.477428495468412,7.286660965615647,11.985745975306802
spectra/17902439_sws.pkl,-1.7854126319315637,38.3724307505453,35.6122391788996
spectra/17902503_sws.pkl,3.682387941695174,55.41325546126781,51.73086751957264
spectra/17902728_sws.pkl,20.649859634598936,164.29465066342806,138.2945912958234
spectra/18000101_sws.pkl,12.715585215445008,55.46178821034685,27.702593021260064
spectra/18100530_sws.pkl,180.89292779872284,1963.3629585445847,1686.1183164003914
spectra/18100805_sws.pkl,1.1896530511357344,114.5011333415169,113.31148029038118
spectra/18101101_sws.pkl,3.57940610305343,41.76319848520835,33.353004157571306
spectra/18101102_sws.pkl,-2.064140079199092,11.001217041016055,9.982945238611196
spectra/18101405_sws.pkl,5.304239975859519,28.586385048361223,17.207506155211565
spectra/18205639_sws.pkl,21.275025272953155,440.4480111474229,419.16246438096323
spectra/18300807_sws.pkl,-15.285305853124484,5.695655502921944,19.11411239621157
spectra/18300904_sws.pkl,-2.8513101316289027,37.36946898960847,35.75293726034857
spectra/18301603_sws.pkl,-5.31902135711372,92.08721816970201,95.82738998857545
spectra/18500307_sws.pkl,-4.57524705736191,57.201095385381265,58.320515060774824
spectra/18500531_sws.pkl,-2.75512511166159,86.47817047090957,86.28178029940693
spectra/18500622_sws.pkl,12.43139784545345,31.52043542299821,19.08903757754476
spectra/18500704_sws.pkl,72.75284544726404,225.43119475116865,96.58214350772744
spectra/18800749_sws.pkl,12.101608223641266,59.8678721678419,47.54609689225897
spectra/18900244_sws.pkl,7.021443914782903,33.56334842053388,20.633046599247386
spectra/19001011_sws.pkl,-13.029052989267912,15.52832443438674,18.168554518148106
spectra/19200933_sws.pkl,-8.922708965961831,582.3867848788663,588.9346622913536
spectra/19501504_sws.pkl,-12.546782156194823,6.033754778817553,15.879522364304353
spectra/19700159_sws.pkl,-1885.719970703125,37259.952927910614,38100.555567736956
spectra/20000101_sws.pkl,-4.976483998452876,13.730181648339462,13.880331936906558
spectra/20201816_sws.pkl,-16.070657676382805,7.3599260546217815,22.394390986296635
spectra/20601232_sws.pkl,7.491972363466518,59.29620287022793,51.804230506761414
spectra/20601346_sws.pkl,22.21780988903733,1150.7706369450973,1128.5528270560599
spectra/20601527_sws.pkl,-3.026360783431102,30.59539547873038,32.32198022976641
spectra/20601613_sws.pkl,28.877382055485164,1077.9751633052783,1049.0977812497931
spectra/20700801_sws.pkl,-8.163709047415635,30.8152791283074,38.659697061625664
spectra/20700802_sws.pkl,-5.04369025792976,17.037259555249776,16.2563106918835
spectra/20700803_sws.pkl,-6.454842693376159,5.475779611860208,7.520673380992789
spectra/21100138_sws.pkl,-5.31506257553892,183.70901757862634,181.17569932047445
spectra/21304923_sws.pkl,-9.456813234562729,10.276618555520162,15.35818335625834
spectra/21900653_sws.pkl,-23.491347199931642,9.124803196090996,32.61615039602264
spectra/22000706_sws.pkl,-6.966577738346332,17.652036103653618,19.48865927912635
spectra/22000961_sws.pkl,-2.8552141243298137,415.24732182397025,281.9374436445346
spectra/22001506_sws.pkl,-2.9524606984682453,984.6993086876822,952.2733428113761
spectra/22001801_sws.pkl,-0.4797301487008664,36.475015038889,21.960740218926343
spectra/22001905_sws.pkl,-6.93780257331362,8.342987805948972,8.69203154451767
spectra/22002135_sws.pkl,57.76606681807129,4127.434542260662,4036.9610573424743
spectra/22101143_sws.pkl,-4.142746759247761,15.017043541308785,12.745947929824588
spectra/22400153_sws.pkl,2.685178564236247,93.58926883455243,71.20713724218793
spectra/23001256_sws.pkl,23.842307043525498,2399.836814758353,1610.0942610804552
spectra/23001357_sws.pkl,31.433666776552474,2406.725124841188,1540.5471673331062
spectra/23001458_sws.pkl,32.4173559279898,2511.5567962018176,1561.6133985562842
spectra/23200502_sws.pkl,-6.927045950047706,11.064172963183864,14.208849262185792
spectra/23300112_sws.pkl,5.520956724892933,38.49817958763519,29.010847052995125
spectra/23300524_sws.pkl,9.463397959457543,29.28324963545689,19.193261344402433
spectra/23701861_sws.pkl,0.0,76433.63306493052,71573.3034368161
spectra/24001208_sws.pkl,2.3100000017582327,20.00645768295905,9.556298569404637
spectra/24001729_sws.pkl,3.836924573900077,17.79584296557819,9.750189137742531
spectra/24002304_sws.pkl,-1.0808123263083722,18.830913039061805,12.590944764089308
spectra/24201225_sws.pkl,-2.0690692767089707,414.003396486912,416.0724657636209
spectra/24402462_sws.pkl,-39.72344711979091,79.93046151589805,113.15676014962492
spectra/24402563_sws.pkl,4.0795034463122395,154.65846889570454,134.05766202832092
spectra/24402664_sws.pkl,7.899837898179639,317.63063008317044,300.6391084619793
spectra/24402765_sws.pkl,48.844716016251915,1414.7467031814829,1365.901987165231
spectra/24402866_sws.pkl,62.64937612892767,1507.3089780391547,1444.6596019102271
spectra/24402967_sws.pkl,71.09160547163025,1583.4199836531495,1512.3283781815194
spectra/24403068_sws.pkl,41.81635970502222,1672.2130776706424,1630.3967179656202
spectra/24403169_sws.pkl,63.227815374827,1592.2663318348073,1529.0385164599802
spectra/24403270_sws.pkl,62.19495437765225,1268.59160551761,1193.6531617793432
spectra/24403371_sws.pkl,84.34486922143695,683.3471192622757,599.0022500408388
spectra/24403472_sws.pkl,58.0579688209656,1810.7099572090601,1752.6519883880944
spectra/24601053_sws.pkl,15.529400394951265,220.59933809510258,201.282244640712
spectra/24700319_sws.pkl,104.61700222386153,563.9085106057925,459.29150838193095
spectra/24701012_sws.pkl,45.01191757511823,309.4699775054445,250.87627566932855
spectra/24701422_sws.pkl,-4.071004918514397,392.75561576814306,378.65097027472655
spectra/24800101_sws.pkl,14.222581347953039,316.1908275591979,295.1342697826374
spectra/24800223_sws.pkl,220.630162648851,1306.416626334585,1085.7864636857341
spectra/24800307_sws.pkl,-24.541377486640844,5.767979853189856,25.743208004889738
spectra/24800452_sws.pkl,-3.221309565032358,26.00838721919415,27.112157123479378
spectra/24800901_sws.pkl,-10.938168287081204,3.7803878631780474,12.103913442267457
spectra/24801102_sws.pkl,9.124778355296954,46.175186389132925,35.94166173878766
spectra/24900158_sws.pkl,5.501526361089386,2622.709096776309,2533.5479781386675
spectra/24900215_sws.pkl,-0.2545848479126569,39.51102317854912,27.48254670836504
spectra/24900846_sws.pkl,2.0866461649705585,19.1971222928537,10.360153056355184
spectra/25000467_sws.pkl,9.649984708142307,414.1755666449127,135.39981755974088
spectra/25302001_sws.pkl,-1.736082133180457,26.409559769467872,28.14564190264833
spectra/25302002_sws.pkl,-12.743126269078992,4.005924689491377,14.182809266190024
spectra/25302015_sws.pkl,-5.718426608352128,14.938006412640577,13.709234767394253
spectra/25302224_sws.pkl,4.454479157858192,192.83996658616329,188.3854874283051
spectra/25400160_sws.pkl,4.3252446621249945,54.58857030291005,38.12040917560711
spectra/25400259_sws.pkl,-2.9055750690784303,181.0506183557117,175.17002565605452
spectra/25400410_sws.pkl,7.146719378370101,50.24396791177394,39.67937447395823
spectra/25500248_sws.pkl,3.3925244245627884,82.0849424966172,77.67639651695762
spectra/25600907_sws.pkl,-0.20535582278005676,12.581851555347319,11.03055082311479
spectra/25601501_sws.pkl,-7.514963758936661,18.8157266311783,23.81736164683927
spectra/25806177_sws.pkl,60.374393691397934,2477.8396773888253,2413.428919379036
spectra/25900905_sws.pkl,-4.185133569148305,7.565321465155965,9.345624284331315
spectra/25900906_sws.pkl,-7.778666522656818,9.02280928859936,10.388045434484258
spectra/25901312_sws.pkl,30.221091106411127,118.1813767042271,80.0218055316896
spectra/25901414_sws.pkl,-6.26474696103228,735.6534417373415,658.8671446593178
spectra/25901572_sws.pkl,5.515617949963594,2575.7638776475665,2154.526624667146
spectra/25901615_sws.pkl,-1.6637988154408663,23.650596567256812,21.825729969215708
spectra/26000230_sws.pkl,4.64350121657714,40.609032568291596,32.57282111965482
spectra/26000708_sws.pkl,-3.721326525841725,6.49740916225059,6.289814134584821
spectra/26200509_sws.pkl,6.4676215690174885,358.21378819515616,152.77208573378408
spectra/26300141_sws.pkl,95.37827175306649,1190.1802061477272,1094.8019343946607
spectra/26300316_sws.pkl,20.276944482402726,50.515764620420434,25.951014855690932
spectra/26301354_sws.pkl,0.35662079194243196,29.452793947294968,15.340169488792522
spectra/26301524_sws.pkl,242.079637658976,1265.2469059666462,1016.74172995869
spectra/26301659_sws.pkl,7.491336591034395,48.102253705392364,38.065884450626015
spectra/26301850_sws.pkl,35.44717286658597,292.4840353825592,255.89969527569622
spectra/26302115_sws.pkl,-4.54925317918798,438.4026357767283,432.69261311857554
spectra/26601601_sws.pkl,-1.335176345338667,8.763692536334194,9.65437169526248
spectra/26700202_sws.pkl,6.660394928283472,188.6228082762667,181.96241334798327
spectra/26700814_sws.pkl,3.8281307504801245,85.532989219593,69.43839163277087
spectra/26800192_sws.pkl,-0.0021659048816829543,29.395514338688688,22.443482996170637
spectra/26800193_sws.pkl,-0.2596440033448948,38.40393872033399,16.619703078897885
spectra/26800194_sws.pkl,0.27594369727243384,234.2724767897752,106.44670257882132
spectra/26800195_sws.pkl,6.1332260437152755,355.73603349156735,125.5304764391897
spectra/26800760_sws.pkl,-1.3880299038145665,717.7403578548314,523.7597831327646
spectra/26801606_sws.pkl,-6.474121156376128,19.17062919603982,18.920026388801894
spectra/26801809_sws.pkl,-0.7912346228111572,45.64252910576851,40.14080787021737
spectra/27200587_sws.pkl,6.384587978789632,228.50669572732266,151.3488177974262
spectra/27200786_sws.pkl,9.972817417907017,74.38107728036823,30.967644413739873
spectra/27300834_sws.pkl,21.798079751328792,403.9424176603702,269.7357171882336
spectra/27300921_sws.pkl,-5.597379877104423,15.961049244570884,18.008499360956574
spectra/27301017_sws.pkl,3.318180821813792,27.26291586774919,17.144526736495322
spectra/27301117_sws.pkl,-26.505820877957024,1681.2464934309426,1694.4089680043003
spectra/27301339_sws.pkl,43.775197905072154,338.49055930626446,263.61708672912874
spectra/27503811_sws.pkl,66.89846067105292,2285.0851581733127,2202.949229548749
spectra/27601036_sws.pkl,4.297098008672763,252.53106866087168,233.03215575757986
spectra/27602306_sws.pkl,-0.7061409170207714,17.957335040192604,16.00205517825151
spectra/28101115_sws.pkl,34.17716810542434,1094.2497797862572,1060.072611680833
spectra/28101410_sws.pkl,1.2746754552841963,15.224156710694755,9.412044143198681
spectra/28200221_sws.pkl,-12.540581515170707,1.6040694274275868,12.593742252114222
spectra/28200427_sws.pkl,-1.961422753781764,18.045955990513303,12.752454172830118
spectra/28300921_sws.pkl,22.292367550829923,198.97881108419034,168.29252840875773
spectra/28301459_sws.pkl,7.7360551564810445,42.12807915148992,32.76573960996229
spectra/28301904_sws.pkl,-2.4086498849132263,21.033299620164772,20.51315744479976
spectra/28500902_sws.pkl,-3.816965757643988,44.56274910369699,47.14888185541978
spectra/28501420_sws.pkl,-2.818927804689285,37.87469342310639,40.693621227795674
spectra/28501652_sws.pkl,-0.17553900233313297,10.774659406122355,6.912288131939839
spectra/28502026_sws.pkl,5.185570485251505,72.49449893768266,54.070811253359985
spectra/28700701_sws.pkl,78.08009719350261,240.2888363863653,131.28368632604034
spectra/28701246_sws.pkl,60.45612937120502,252.62449502518004,143.22879057021808
spectra/28701327_sws.pkl,-0.04229177908889138,926.7750123611469,500.21846513609046
spectra/28800703_sws.pkl,0.21270227627479635,20.356825346508696,12.117158930161164
spectra/28801224_sws.pkl,-6.7277102716528585,9.000966908159326,10.894092084695444
spectra/28900125_sws.pkl,4.60833553120641,25.347650570531055,19.987258710879058
spectra/28900461_sws.pkl,-0.17553063619805254,165.27165003453675,159.78689014036098
spectra/28900543_sws.pkl,2.1596951703406537,21.21813640688356,13.329607719546628
spectra/28901123_sws.pkl,-42.4947217366149,324.3286323967543,344.80570492250473
spectra/28901506_sws.pkl,12.245101097183582,25.691774108460688,10.198058998314117
spectra/28901607_sws.pkl,-2.769325619228934,15.351802297988893,12.83910761988004
spectra/28902101_sws.pkl,-5.285438850139228,9.121144601871885,11.228194268295642
spectra/28902102_sws.pkl,-0.298081774465606,15.473937180428383,13.04646883595704
spectra/28902214_sws.pkl,-9.926530059034956,456.0014670943312,449.8077364730575
spectra/29000211_sws.pkl,-2.1739843532533745,26.451964119431743,22.088481716813654
spectra/29101008_sws.pkl,-0.4645110903252634,14.893694294671679,10.652397570827548
spectra/29101012_sws.pkl,-0.8447798854462468,41.78236806255722,28.775131834403332
spectra/29101114_sws.pkl,7.485297670645215,409.85666192781,311.56791276232957
spectra/29201505_sws.pkl,-13.29048450761816,11.389289222785738,21.93612051743827
spectra/29201506_sws.pkl,-3.929559618308812,7.572058265199612,7.705960406732705
spectra/29302010_sws.pkl,6.154645276306261,50.641080199230885,38.90430466832352
spectra/29400410_sws.pkl,7.368998526647138,545.1658428065098,516.3613086584207
spectra/29400809_sws.pkl,0.3988094216577842,497.6087402745082,497.20993085285045
spectra/29401311_sws.pkl,-0.7174070475096332,16.626220482103612,14.45636594691614
spectra/29402233_sws.pkl,-5.481256306936471,526.6850726690038,316.9301215012323
spectra/29402436_sws.pkl,1.417541697186656,346.44837350921915,276.3385922625573
spectra/29402535_sws.pkl,-0.5723327869813908,1761.845984703362,1745.2380629765157
spectra/29501309_sws.pkl,-1.7727882241743043,28.13949112406082,15.91918525950421
spectra/29501310_sws.pkl,-3.274808429799003,10.362860712675488,8.9393748512225
spectra/29602404_sws.pkl,9.878554074390204,52.85886952025072,39.09765526042386
spectra/29701401_sws.pkl,6.406115282206314,48.91585863888096,41.06728944979801
spectra/29701411_sws.pkl,-1.254334364610518,11.042504391705295,10.334440831589129
spectra/29701542_sws.pkl,6.133620118492628,27.846247126216713,15.966396907875268
spectra/29701632_sws.pkl,0.15861161894995482,31.296058646036588,18.96313272749468
spectra/29702147_sws.pkl,14.347495020895982,300.9589480810067,217.39190547433674
spectra/29801904_sws.pkl,-7.319802786593191,21.77959368320235,23.93426549685101
spectra/29900201_sws.pkl,-6.251919343802061,253.0036353047981,52.965848709335376
spectra/29900470_sws.pkl,-0.5004564191503328,333.48950891625464,99.6427115904448
spectra/29900661_sws.pkl,7.798797234045553,1156.6864221597386,838.3871463396533
spectra/29900802_sws.pkl,38.687993901473256,118.53516346971648,67.37138163177494
spectra/29901001_sws.pkl,6.3661779722050555,19.98319394171615,10.585771268166305
spectra/29901002_sws.pkl,-1.8276812757534384,8.02232975644593,4.099068454556033
spectra/29902110_sws.pkl,0.5231841001219921,23.859392835775925,23.336208735653937
spectra/30003803_sws.pkl,-4.088968146327128,72.67689156680777,36.028003237530974
spectra/30101147_sws.pkl,-10.36931412945944,33.67776407874076,24.6108140006871
spectra/30201114_sws.pkl,-4.629424906374876,76.67709822285836,47.956638747598696
spectra/30400331_sws.pkl,6.934796473586633,73.43387518877128,13.847518216326861
spectra/30401501_sws.pkl,-6.533340431260897,16.851726950717957,14.773061236908703
spectra/30600401_sws.pkl,-4.3157120468882555,5.008559984669855,6.386511928054095
spectra/30601107_sws.pkl,10.461206883956176,66.40909187638094,27.04859947175872
spectra/30601207_sws.pkl,-4.024107434697224,37.45944759375706,32.58456842187594
spectra/30601632_sws.pkl,3.5158084448758653,110.07660831587565,89.67850317812034
spectra/30800308_sws.pkl,0.894874955540672,15.526754663427473,9.13288501002647
spectra/30801220_sws.pkl,-1.6111806595930354,72.003893156602,68.81713354529018
spectra/30801670_sws.pkl,26.037542003748367,440.2810654812317,396.77610124538705
spectra/30802201_sws.pkl,17.73726730923534,48.229982395856894,27.71851317410906
spectra/31101275_sws.pkl,-12.758216016049932,7.233637172429203,13.94252367428627
spectra/31101819_sws.pkl,7.967723068834937,128.91528105268543,113.3523240396783
spectra/31201201_sws.pkl,2.764620971232886,55.0795416118092,49.99948152472708
spectra/31301102_sws.pkl,-2.5120047853407295,15.60899245318889,12.344558274086822
spectra/31301509_sws.pkl,-8.307886020174474,17.308702282972654,16.05216166106763
spectra/31404910_sws.pkl,10.26661910003019,51.08526575682258,40.818646656792396
spectra/31601515_sws.pkl,-5.783664465053772,34.48759418948445,39.41955276307425
spectra/31800125_sws.pkl,-6.366146708256042,77.89635270207499,13.361231548651798
spectra/31800537_sws.pkl,13.121781997631942,71.59499644256827,53.56062825390859
spectra/31801403_sws.pkl,-5.839828629074222,13.859389001775199,13.517706822968556
spectra/31901125_sws.pkl,-8.202432890799809,35.29871878675679,28.44739791638873
spectra/31901334_sws.pkl,8.559940560892072,37.9939689315942,17.285131734519386
spectra/31901701_sws.pkl,24.76857646033006,108.17416482413594,80.67217235986769
spectra/32000318_sws.pkl,78.17756819269364,495.6075871168727,417.4300189241791
spectra/32000603_sws.pkl,18.163008919241275,216.34493015794982,185.95920110661916
spectra/32001560_sws.pkl,5.080663793710856,170.7998748112509,157.9086307996092
spectra/32002409_sws.pkl,3.8932940936982607,60.81680566187725,52.49834568064523
spectra/32002528_sws.pkl,0.9078354450183331,48.631273733665694,44.5806083912813
spectra/32200779_sws.pkl,-6.75489914778023,82.91757580400261,86.57267643586437
spectra/32200877_sws.pkl,8.804498095062565,433.55796287844146,236.59830400417033
spectra/32301106_sws.pkl,2.5742400404092103,26.451980463778305,22.486701082603943
spectra/32301321_sws.pkl,6.2304394699217465,39.39290982159252,29.430904573576964
spectra/32301516_sws.pkl,32.75398016711167,288.18004150703416,255.02486665517665
spectra/32301613_sws.pkl,-4.7671554150304845,39.6683431182631,40.67243639562943
spectra/32301718_sws.pkl,-8.70121754356851,9.768066978746198,10.966096514201176
spectra/32400106_sws.pkl,1.585193936975704,55.06078855162577,47.123319013362
spectra/32400609_sws.pkl,6.928620487675772,35.534578798310996,21.84850659808508
spectra/32400821_sws.pkl,1.3677143939974825,341.89748345250996,211.84700711838008
spectra/32401203_sws.pkl,-12.384355699059299,241.84309033005704,244.3864934816205
spectra/32601124_sws.pkl,-1.2772146799195443,89.85785309415137,52.58194272623199
spectra/32601321_sws.pkl,6.4275157019474145,37.836358484274356,27.527434989790947
spectra/32700430_sws.pkl,7.4601390999532144,321.9005448313798,96.60314105575755
spectra/32701619_sws.pkl,5.171302946007328,58.60167106639588,49.03324724206175
spectra/32702329_sws.pkl,-1.9753795132002567,993.28035999763,404.6971917840149
spectra/32702415_sws.pkl,15.184081682153,41.658490077057266,24.68552940791874
spectra/32900866_sws.pkl,8.082396576644898,667.0743062584017,637.4817295148149
spectra/32900920_sws.pkl,-1.1913794315763109,770.4595765988668,767.3463866033911
spectra/32901191_sws.pkl,10.607636737697169,30.968393439287688,16.990239890631962
spectra/32901351_sws.pkl,-1.6119272720237265,19.773019418571323,15.590545842509808
spectra/32901361_sws.pkl,-6.472858674570145,13.50741488128953,10.698017517382894
spectra/32901364_sws.pkl,-6.93950975467564,10.799911056379184,10.672312379746721
spectra/33000222_sws.pkl,-12.950010379565228,1320.7521142140931,1322.1018902378999
spectra/33000525_sws.pkl,18.934714662519912,688.8817948344914,646.2745757369613
spectra/33100380_sws.pkl,1.6258461337267889,411.4278754757073,213.41051323371505
spectra/33101801_sws.pkl,0.7050451733273085,36.853541763910066,30.73315906116479
spectra/33102402_sws.pkl,-27.096783528008853,143.84739733572025,167.07719700854932
spectra/33200302_sws.pkl,-1.5300066148873215,7.801483316847003,6.331299384264243
spectra/33300703_sws.pkl,-6.363574846379364,7.671926182562373,10.723611669958242
spectra/33300707_sws.pkl,2.245330644065876,14.273322537826855,9.913159339425501
spectra/33300708_sws.pkl,-0.5490182500793868,23.1911446922065,19.25543770421076
spectra/33400603_sws.pkl,-1.4447065782926707,92.04351263661383,86.262505464161
spectra/33402096_sws.pkl,-0.9642648031713514,47.297742896601484,40.115923924080754
spectra/33402216_sws.pkl,-2.15361627406414,6.969758052930329,5.710539953900215
spectra/33504020_sws.pkl,4.208857450389221,32.74622366097589,10.10028802749148
spectra/33504130_sws.pkl,-2.7090212679308867,22.703232440709684,25.194625131469174
spectra/33504295_sws.pkl,19.20349640199472,1934.6811185194222,1813.1807089110926
spectra/33601674_sws.pkl,-2.9276932613109574,16.903038732972334,14.854420773672242
spectra/33601901_sws.pkl,2.438755645712804,16.21123048883527,11.050051174973571
spectra/33701512_sws.pkl,3.326005553845076,985.3678559233265,730.0587041248172
spectra/33800415_sws.pkl,1.7625329826600018,28.290913267585253,11.08284326706594
spectra/33900541_sws.pkl,-10.487649332676707,3.63578946171349,11.21674500292038
spectra/33901897_sws.pkl,5.555370789836703,44.452057661444535,35.824484386351415
spectra/34101206_sws.pkl,-7.790280675143708,16.586615620504958,15.338619900893805
spectra/34201224_sws.pkl,2988.926174821973,6421.898094580222,3355.283845439928
spectra/34209765_sws.pkl,1.705913616426395,230.0518142457883,211.10992422419528
spectra/34300317_sws.pkl,1.9102082846260289,43.525714269762574,35.168913189263094
spectra/34301203_sws.pkl,-2.889819459196389,20.850592353536342,11.602140835632074
spectra/34301309_sws.pkl,-2.7168814282744296,7.270238364233076,7.710382280305399
spectra/34400518_sws.pkl,5.4490962727615955,166.14438951054677,40.79892680242604
spectra/34400878_sws.pkl,-15.732946453798425,12.248516213430914,21.757454240858184
spectra/34401040_sws.pkl,87.56763596268301,1053.6692255133166,915.6671505650545
spectra/34401919_sws.pkl,3.3455042419191785,27.55026589947535,19.390191761557652
spectra/34402039_sws.pkl,160.22003803100654,1275.5572452260546,1083.0817359979446
spectra/34501821_sws.pkl,-10.093440215299477,9.419740355739393,13.824583036967198
spectra/34601646_sws.pkl,95.24709938900845,1116.5116322721399,1021.2645328831316
spectra/34601702_sws.pkl,29.545423244713046,357.90952933507947,323.78165423245986
spectra/34601878_sws.pkl,-1.8351979979156392,16.02340948778721,13.584956479863681
spectra/34602403_sws.pkl,-17.408353693664715,7.335265401545986,20.07103337432956
spectra/34602404_sws.pkl,-9.482949427329832,7.313111192703128,14.021156784597697
spectra/34602405_sws.pkl,-2.7213612534111946,11.525693674057235,8.535807125198808
spectra/34801419_sws.pkl,2.4278207806874863,47.603799354559065,44.73987727509577
spectra/35000606_sws.pkl,-4.585206390158893,7.483643620584647,8.942697482177648
spectra/35000607_sws.pkl,-7.6234493903030645,5.7303050003627884,10.537921223121852
spectra/35001427_sws.pkl,28.034286636680484,126.17027420602301,86.96343019504457
spectra/35101303_sws.pkl,-3.0427707457424806,7.140343651549503,7.233253152172102
spectra/35102563_sws.pkl,4.017212177131976,7792.524003596967,7728.185325178058
spectra/35200913_sws.pkl,-2.9471770751271005,11.0563903713345,12.866928126392823
spectra/35201201_sws.pkl,159.38343343453104,554.1162760629684,366.09050845236845
spectra/35500693_sws.pkl,6.245460666697481,61.049127759715546,47.25164738430638
spectra/35500738_sws.pkl,1.6896337239667059,312.34825703074955,308.2286387471925
spectra/35500977_sws.pkl,13.038325288529865,53.6224855270008,38.414921405191414
spectra/35501212_sws.pkl,-0.3643218008474727,17.649471009652043,14.144397688915308
spectra/35501531_sws.pkl,0.15820304893542045,268.98878216003703,240.78627671017003
spectra/35700734_sws.pkl,61.06575845629637,2762.3206851313494,2680.856724685358
spectra/35701412_sws.pkl,28.25038344426512,109.66913786589068,75.8239800686584
spectra/35801255_sws.pkl,-2.5080661596097897,29.985655779913106,11.836838856611815
spectra/35801319_sws.pkl,0.7387743924854816,60.24102886077207,32.21250491918449
spectra/36000902_sws.pkl,-6.892414192556684,7.063231388936367,11.584019435668854
spectra/36001101_sws.pkl,-7.468137599671912,7.5689735707467865,13.343640386571401
spectra/36100510_sws.pkl,-2.783495287117927,8.174102334278425,5.343623823059559
spectra/36100905_sws.pkl,4.443682955708396,54.056181744986446,45.470414369635506
spectra/36401817_sws.pkl,11.168169129701708,89.97408947082518,77.97294247440001
spectra/36600207_sws.pkl,-7.583228197013265,87.12909795357504,39.1079223281898
spectra/36601389_sws.pkl,-5.94168053626794,10.325007928143958,7.32583455796361
spectra/36601502_sws.pkl,2.1407289766927717,411.2187255528734,399.40889337927257
spectra/36701824_sws.pkl,6.1503133959491185,56.463049159910476,38.49423210420057
spectra/36701903_sws.pkl,9.531187997989743,93.39006594301426,81.96436833131457
spectra/36801940_sws.pkl,-18.463390230148626,64.72319007115871,73.0731735653674
spectra/36802830_sws.pkl,6.6773990940414905,80.08518413572695,73.40778504168546
spectra/37102018_sws.pkl,4.2473606740633,205.5401613517645,201.29280067770122
spectra/37200209_sws.pkl,-0.8393338268860624,13.40627117164286,10.111772137999132
spectra/37200308_sws.pkl,-2.9040812423407556,5.13365896162379,5.693374471069671
spectra/37300427_sws.pkl,-20.40869549612618,104.10498293973153,124.34186431334454
spectra/37400126_sws.pkl,-9.814692108181193,102.1590986507305,105.04851781305912
spectra/37401373_sws.pkl,-0.40758646374729013,17.331243424403343,13.364147244666523
spectra/37401910_sws.pkl,8.540950121999924,63.15760540239648,54.56034996631175
spectra/37600306_sws.pkl,8.859262055788966,214.02963541978815,205.17037336399918
spectra/37600943_sws.pkl,-8.889160302142086,25.719142652850465,15.339009317995641
spectra/37704637_sws.pkl,11.549469743589652,430.4942538159667,418.17415931977837
spectra/37800211_sws.pkl,-1.1218118387976899,9.666974004768468,7.526948786530971
spectra/37800710_sws.pkl,-4.429863600985543,22.84787351320835,23.37562489325933
spectra/37801213_sws.pkl,40.55921695787979,276.25769431981496,224.10947483512516
spectra/37801443_sws.pkl,41.98172769248937,275.38387720776376,221.88962611974023
spectra/37801819_sws.pkl,11.710972740204188,305.6139807333133,285.38707828554834
spectra/37802001_sws.pkl,-11.247906518990366,5.536125411463685,12.241811796163075
spectra/37802225_sws.pkl,-16.715257731332432,20.62942457242331,37.28268864936169
spectra/37900867_sws.pkl,24.94796900120772,574.8422039068736,532.7284103127147
spectra/38101302_sws.pkl,1.3451296566601043,21.302396560158876,14.974579220957155
spectra/38101406_sws.pkl,-1.275339235974877,18.579575742731652,12.657156264416946
spectra/38101617_sws.pkl,68.37301404944195,421.946574172792,321.7591716854617
spectra/38101711_sws.pkl,-2.6208663740998377,9.109748440548397,8.181874808895328
spectra/38101712_sws.pkl,-12.612358500346646,25.55105475988649,29.50574219846778
spectra/38102211_sws.pkl,-4.972196689597593,8.759597940214345,9.212714739541532
spectra/38201201_sws.pkl,-7.889278074781803,135.06143375860978,142.95071183339158
spectra/38201557_sws.pkl,283.43848006284475,738.4256961792073,438.9156956485683
spectra/38202204_sws.pkl,13.876495772140983,36.977847534745436,19.63739155857403
spectra/38300108_sws.pkl,-13.740811513859674,52.01215284904129,60.887311428952984
spectra/38300216_sws.pkl,3.101796037119219,26.118128421406087,22.485143972937387
spectra/38300825_sws.pkl,202.2105073540661,1487.3007879003662,1285.0902805463002
spectra/38301204_sws.pkl,-3.193344802012425,31.532179682099937,23.57836260837859
spectra/38301303_sws.pkl,-6.260490129221521,11.638012080230697,11.22786765199697
spectra/38301404_sws.pkl,76.88748530918366,1002.1258261025902,880.2091874439386
spectra/38302016_sws.pkl,213.21749337023746,1483.0845796376416,1269.638046882268
spectra/38302701_sws.pkl,-2.8538766984519928,13.057116691150362,11.547697124310968
spectra/38302802_sws.pkl,-6.729643595800285,14.295087843282515,15.80923392651503
spectra/38303014_sws.pkl,31.03903234733342,322.6373508946775,286.1700188077407
spectra/38402466_sws.pkl,49.92297670415569,5273.009708657938,5181.331891531192
spectra/38405519_sws.pkl,-6.045760678437852,9.93970786593088,13.266897147060828
spectra/38405815_sws.pkl,-8.672539615124126,5.29889327480798,9.694211575714434
spectra/38500708_sws.pkl,-0.5255899215801533,14.42866349944221,11.077025376661826
spectra/38501251_sws.pkl,3.3047751476175127,592.919707509198,583.3920982884066
spectra/38501620_sws.pkl,-13.952922299955729,67.85723051299563,79.14452467824316
spectra/38501842_sws.pkl,33.476438989957785,3165.1239699453813,3111.0122901456007
spectra/38600922_sws.pkl,106.70800347322279,790.3010085615047,681.0142895070148
spectra/39400205_sws.pkl,-2.0146848813857594,20.1259975296512,18.416650247929876
spectra/39401737_sws.pkl,20.85148436255072,189.94926500204642,169.09778063949568
spectra/39500195_sws.pkl,-0.6463685379005427,119.9829103744156,108.1083159188832
spectra/39500297_sws.pkl,-15.177640089825358,101.52285329193826,116.21874182541366
spectra/39501330_sws.pkl,212.72699059607652,1501.9639593205775,1289.236968724501
spectra/39502217_sws.pkl,382.14452296017606,953.4926689335775,556.0362505491239
spectra/39502401_sws.pkl,9.059756775414458,61.11608385607394,52.056327080659486
spectra/39600606_sws.pkl,0.43310785925849965,20.527950691261168,19.250235983867913
spectra/39601867_sws.pkl,2.171876041148527,105.89595347174404,87.77679637203138
spectra/39601910_sws.pkl,4.984434857153878,44.76590528347564,33.25836240811812
spectra/39802402_sws.pkl,210.79673865098465,1940.399865106853,1603.8796032244402
spectra/39901911_sws.pkl,37.07652572793982,255.22556879812979,205.2479377241619
spectra/39902101_sws.pkl,-1.499224712273145,12.74140464841719,11.873189623919322
spectra/40001013_sws.pkl,-0.15065977855649668,20.083384834582052,15.036080120809716
spectra/40001501_sws.pkl,-4.075500376520779,10.160906909772534,13.309644957583997
spectra/40201208_sws.pkl,28.83159624811416,576.9465648130571,548.114968564943
spectra/40201615_sws.pkl,-0.9375443745783517,43.29085564736864,42.77126354469493
spectra/40201616_sws.pkl,-4.701329768664556,22.276658548000306,22.15723116145886
spectra/40201617_sws.pkl,-4.4398204341073555,18.56977574361908,14.558453242675354
spectra/40201723_sws.pkl,61.05675916833939,263.55304290194994,196.60723680487442
spectra/40300736_sws.pkl,0.02669949115295435,16.974194340972552,10.806367649388031
spectra/40400904_sws.pkl,-1.637242957078213,10.273582266624869,7.540165905129546
spectra/40401901_sws.pkl,0.04318851941683731,29.306904556225263,26.373219297587156
spectra/40503119_sws.pkl,21.30925206738066,56.20613135856642,32.71653221832593
spectra/40800106_sws.pkl,79.5928995629315,1170.6310589687575,1090.776491264055
spectra/41100205_sws.pkl,-8.534752926539781,2.039602657280403,8.962657534600147
spectra/41200801_sws.pkl,-5.078284116869613,9.575026582338609,7.484619380384912
spectra/41300101_sws.pkl,4.2988280608270095,37.27629563729417,30.795554434986165
spectra/41300309_sws.pkl,-1.5836306532423226,9.600184106346358,9.503956330130258
spectra/41400406_sws.pkl,30.551166382119494,148.09786268374378,108.93752759464857
spectra/41401197_sws.pkl,4.422732174507419,30.853981524699172,20.23486892385177
spectra/41401514_sws.pkl,30.082730937778518,268.7191717058863,221.4958403622311
spectra/41500123_sws.pkl,16.06163356781865,230.78096151533887,214.19319481201066
spectra/41600137_sws.pkl,-2.199241984845065,22.882657689196474,24.03498926068341
spectra/41600993_sws.pkl,2.6455221358547654,29.895451049565807,22.9730938840171
spectra/41601102_sws.pkl,-0.3911536171173513,12.190810458336543,8.106130034230727
spectra/41601295_sws.pkl,-4.423708937250852,18.310066505206702,16.80948150309016
spectra/41602133_sws.pkl,67.52976334765637,359.2667164705189,282.1626325471243
spectra/41602312_sws.pkl,-5.163320850609042,47.09239763093087,52.25571848153991
spectra/41602501_sws.pkl,15.958178042447152,60.84826704969228,44.89008900724513
spectra/41702418_sws.pkl,-6.35076327869593,6.54084086033086,8.453024574902548
spectra/41800303_sws.pkl,349.642325542882,3980.257623044442,3630.409785283765
spectra/41801604_sws.pkl,-1.1714244342654605,23.959587841538962,11.883779638819304
spectra/41801703_sws.pkl,-1.1606494070882436,21.907014038594447,8.754069438124015
spectra/41801802_sws.pkl,0.303027851961815,26.18943025378723,23.90146473331787
spectra/41801911_sws.pkl,-7.15095713122791,6.710928709132212,10.3811683574505
spectra/41802008_sws.pkl,-0.7011722821116793,11.299946347785149,7.4653191450475225
spectra/41802107_sws.pkl,-5.253506692936921,13.241066644493838,15.024142272366484
spectra/41901305_sws.pkl,42.38957411625026,322.5485386338815,280.15896451763126
spectra/42100111_sws.pkl,113.51845599145607,1035.7827396504856,903.8535606317469
spectra/42100215_sws.pkl,192.85464856645817,1554.6918849108358,1359.9234107302327
spectra/42200213_sws.pkl,2.7559915574448968,112.21336193737861,108.04543940290242
spectra/42201625_sws.pkl,1.609487561131483,102.47123888985475,98.51410672338686
spectra/42201734_sws.pkl,-1.390692291924774,156.24089321772564,153.18184402611763
spectra/42300201_sws.pkl,-7.651248576818632,113.69275399751622,118.90591222272882
spectra/42300307_sws.pkl,109.39165002054051,1050.5317196398664,918.110809829055
spectra/42300610_sws.pkl,-5.685617669291128,8.058648776307765,10.401630186183562
spectra/42300706_sws.pkl,-2.7517799688621567,12.711045784364346,7.427521568069999
spectra/42300804_sws.pkl,17.482247030383654,118.4475352359153,92.02818334240212
spectra/42301226_sws.pkl,-3.902360248180071,20.58866886745365,21.221591947454016
spectra/42301404_sws.pkl,10.220029746230786,722.0427707740812,711.8227410278505
spectra/42301707_sws.pkl,-12.166556192641176,8.428025058804854,18.275159601471135
spectra/42301901_sws.pkl,-1.5890875794037527,6.7458983820760245,4.905929794408141
spectra/42401416_sws.pkl,50.22650534024725,1066.3937507818753,1016.167245441628
spectra/42500402_sws.pkl,-18.185982315683514,11.133752029836407,23.33862348290977
spectra/42500403_sws.pkl,-17.889283550478254,6.276509734473533,20.063724567141556
spectra/42602251_sws.pkl,87.15190116709613,1135.7045596543592,1048.552658487263
spectra/42602373_sws.pkl,10.359927093286835,214.96513126477595,196.11456987458672
spectra/42604702_sws.pkl,102.56351162038767,455.9750427363501,326.728451685064
spectra/42701004_sws.pkl,-8.907339253211509,6.439706654402088,8.97946643187628
spectra/42701302_sws.pkl,-54.27308911507191,6560.152792590399,6563.355020590715
spectra/42701401_sws.pkl,-0.9112645527191688,12.964294564355015,10.628233652958492
spectra/42800541_sws.pkl,-1.4728890458947521,109.76623032733588,111.23911937323062
spectra/42801007_sws.pkl,13.114590448675257,46.61121736662612,33.443565110578334
spectra/42801502_sws.pkl,0.026748887230385987,101.75591028001708,98.31777257135364
spectra/42902712_sws.pkl,18.778276383021566,271.4407440583754,247.63606051808785
spectra/43305805_sws.pkl,5.883604568382457,25.383819661881788,18.58146007948946
spectra/43306112_sws.pkl,-0.7819620596193885,20.365299938731763,18.890123901668854
spectra/43306302_sws.pkl,0.8162833251573276,20.13216862998384,16.448899829026438
spectra/43306303_sws.pkl,17.463710233437236,69.66924464561073,49.256593859259276
spectra/43306550_sws.pkl,96.18343539578946,401.9690534895159,296.3721188833858
spectra/43400235_sws.pkl,9.41545371276979,34.93739404154724,25.521940328777454
spectra/43400328_sws.pkl,8.178688798497678,25.839428670238895,16.68603818329902
spectra/43400604_sws.pkl,-11.920149066133822,11.061723180370766,22.478049234704798
spectra/43400768_sws.pkl,5.155631068357461,287.0321269368196,269.56190988027697
spectra/43402028_sws.pkl,30.3267278697687,330.2371017542426,298.8219291722004
spectra/43402401_sws.pkl,13.621712215608023,112.93954703813958,91.43269287710908
spectra/43501514_sws.pkl,7.787339975706542,60.22343364105979,48.28041821713083
spectra/43502472_sws.pkl,18.419809649386195,39.784637467498236,18.668405452502505
spectra/43502924_sws.pkl,6.608685753463127,278.16412096740265,271.5554352139396
spectra/43600267_sws.pkl,1.1355048342338492,44.34725622783821,31.277603426608692
spectra/43600471_sws.pkl,-8.783490399283979,62.386492252695724,68.76983670595294
spectra/43600603_sws.pkl,4.237962749019477,34.21638081754209,26.99369233918064
spectra/43600728_sws.pkl,-0.5600192383610354,26.265375489601407,18.258730734288257
spectra/43600940_sws.pkl,27.5712947481776,173.76297681981046,146.19168207163287
spectra/43700103_sws.pkl,44.37083267668016,267.4320451922799,209.78284221494386
spectra/43700232_sws.pkl,9.418122194510255,43.01930631991529,26.1701686656065
spectra/43700330_sws.pkl,-1.0899064845944682,59.47738254206156,53.584062866425896
spectra/43700427_sws.pkl,6.111614278048787,506.5386788663002,39.526762738457975
spectra/44004605_sws.pkl,15.740407632267805,729.5240034760069,713.783595843739
spectra/44202463_sws.pkl,33.15267931726114,283.12321341807314,221.07313129538738
spectra/44301870_sws.pkl,-25.713805981346095,53.068236040468356,75.45080409010768
spectra/44301926_sws.pkl,239.10486017042922,1915.2797395180994,1609.3381755703222
spectra/44401917_sws.pkl,1.8417407031271869,52.59023627745518,21.735432814668343
spectra/44402001_sws.pkl,0.9642588714499934,16.64726967129606,10.506615060263984
spectra/44500145_sws.pkl,11.434920611393883,79.44013312860035,56.92322418297263
spectra/44500611_sws.pkl,0.27496782759963273,66.0091071231687,62.06568828580967
spectra/44804703_sws.pkl,-5.272579431931232,9.666758037991096,10.413768309946104
spectra/44804704_sws.pkl,26.393373047265264,334.3198281018868,296.92447580776945
spectra/44900404_sws.pkl,-5.061234447212321,5.704258242515498,10.216639821654665
spectra/44900501_sws.pkl,-2.9845311529669503,15.868954303289053,18.486407404656745
spectra/44901283_sws.pkl,1.160532022583083,15.398477575061511,12.883424559685281
spectra/45000284_sws.pkl,1.5946717555770562,11.935801793551818,9.382754959061373
spectra/45002411_sws.pkl,15.936295191962492,249.97539550580103,234.03910031383853
spectra/45101201_sws.pkl,637.5166548752895,4727.462458694702,3770.715718459208
spectra/45200101_sws.pkl,40.283254983967886,2073.875435124516,2033.5921801405484
spectra/45401501_sws.pkl,-0.14062506656257576,68.60311902754346,64.21700204208088
spectra/45501603_sws.pkl,6.373422251382461,30.584304874980074,20.076721896395725
spectra/45501704_sws.pkl,3.983078201816139,22.88291080850476,15.566069096795161
spectra/45501805_sws.pkl,4.24204462119769,96.93207141350597,88.01707071392275
spectra/45601901_sws.pkl,-1.7124662735110017,158.6456804813083,72.86494402110091
spectra/45701204_sws.pkl,8.713357420780103,35.03867400970272,13.681757051741043
spectra/45800441_sws.pkl,-0.721814631718917,418.65410346708614,406.9019310779279
spectra/45800682_sws.pkl,-9.247354668799735,3.2271985083599586,9.380758082220567
spectra/45800705_sws.pkl,-9.213552852381046,10.162812836956332,13.936413499265996
spectra/45801328_sws.pkl,4.4837738494979815,370.5663355628077,362.32909622926854
spectra/45801902_sws.pkl,-5.542353236270673,10.145883272634286,7.449062749447665
spectra/45900615_sws.pkl,15.182233887103118,356.0556667595238,308.5454326827588
spectra/45900849_sws.pkl,0.07243651391627039,18.75770122018342,8.738177535959142
spectra/45901136_sws.pkl,5.628597774541704,125.29715736387055,116.98090597540508
spectra/45901249_sws.pkl,29.03736041602096,91.87709607386765,59.12997660421559
spectra/45901470_sws.pkl,2.847473538631619,162.83134471424472,50.56372799690509
spectra/45901669_sws.pkl,20.672905883314506,109.69588106819363,83.74167395535423
spectra/45902801_sws.pkl,-1.8633516913466406,8.120585443345455,5.7717609686139255
spectra/46000275_sws.pkl,-2.7074103917929486,20.89265169751275,20.040507579548855
spectra/46000601_sws.pkl,-0.6671938579582392,22.994245803150754,16.067366538039117
spectra/46000943_sws.pkl,3.143158223431323,30.128028966230442,11.526880923527283
spectra/46200776_sws.pkl,12.032242076028265,100.68421899393661,84.61888031835016
spectra/46200878_sws.pkl,9.218518134346816,26.4289086456536,14.706031639972963
spectra/46300901_sws.pkl,-1.3535606233084891,140.9137800211326,74.58143695641022
spectra/46300902_sws.pkl,1.0982142933721344,57.345764527658815,21.705253939641015
spectra/46301403_sws.pkl,4.858145385898132,100.17891074624826,60.79977616536838
spectra/46401343_sws.pkl,20.55471091315711,79.7362390752982,54.53278844372765
spectra/46600803_sws.pkl,5.248798070586013,107.40457281226779,93.23519444635905
spectra/46601705_sws.pkl,2.7156524334636973,374.16385983513993,371.4482074016763
spectra/46900969_sws.pkl,5.605674118945561,190.1739154380696,176.48267341748257
spectra/47000722_sws.pkl,-0.712391589519606,27.001275085240074,14.85158251759799
spectra/47100261_sws.pkl,162.90591287262532,454.35635552423525,284.47109186341675
spectra/47101511_sws.pkl,-2.3619247442085602,93.4344672369689,92.74536342698973
spectra/47101650_sws.pkl,-10.59913551340706,25.38129243476299,16.53189007340931
spectra/47101803_sws.pkl,-23.96898287943141,2.540685608966592,24.501366903901683
spectra/47101804_sws.pkl,-2.4778395328157243,12.653480014887043,13.060045874524349
spectra/47201603_sws.pkl,-12.358647710712505,3.029427988379727,13.05362258137587
spectra/47201847_sws.pkl,65.86905212960865,702.489698076373,636.6206459467644
spectra/47202064_sws.pkl,-5.090376519879433,43.14980082468644,27.951975521756296
spectra/47300216_sws.pkl,-2.333850969494624,42.265798304311915,39.176019059513465
spectra/47301604_sws.pkl,14.769941075241203,63.41552154390408,44.50257470828907
spectra/47600302_sws.pkl,5.729793032875487,132.15918105873055,123.98883883587307
spectra/47601204_sws.pkl,1.0901299175768708,26.4922378402043,24.283824572506173
spectra/47700201_sws.pkl,-1.333780468816642,27.03678972325226,21.230908849557387
spectra/47700328_sws.pkl,74.62127703969728,589.4654498038736,505.83785783791086
spectra/47700503_sws.pkl,1.7002372854446801,80.8951311686398,20.818626939558733
spectra/47800222_sws.pkl,2.715664851540223,83.9210236367828,73.32409810631222
spectra/47801040_sws.pkl,13.037488092499933,1048.6355021891625,744.5506297228558
spectra/47801137_sws.pkl,4.883015907434369,345.3478806745675,336.8120998052129
spectra/47801417_sws.pkl,104.17620294903672,679.2261235084547,575.0499205594181
spectra/47801654_sws.pkl,-4.971870063567352,72.84548528775511,75.25016277027457
spectra/47901101_sws.pkl,-10.914523720829884,19.143327680346125,15.907933706146366
spectra/47901374_sws.pkl,16.19397332358211,54.42370813208513,34.30945957658933
spectra/47901509_sws.pkl,-1.3907133612896596,30.04465010779266,25.82822659561166
spectra/48000202_sws.pkl,-3.2208882902432987,12.354369651391744,7.628632434749257
spectra/48002314_sws.pkl,-8.041877641474544,7.18171575292089,9.003507207545598
spectra/48101804_sws.pkl,-6.6223032677550036,57.80719516327527,63.38972301188435
spectra/48300563_sws.pkl,12.912542218189635,72.38226361562623,52.40838783095782
spectra/48300731_sws.pkl,-4.415318738782106,20.134940758167772,22.961007957580193
spectra/48300913_sws.pkl,-3.8552153289403606,28.581311629686386,29.43573589924887
spectra/48301104_sws.pkl,-0.6305077445809241,16.896757960892135,10.275025223170136
spectra/48301110_sws.pkl,1.4319685068372185,12.696863455322001,8.24763512260435
spectra/48301114_sws.pkl,-8.206704678279426,2.882694185250041,9.121845262452034
spectra/48400535_sws.pkl,-9.194216413691956,45.53053616982267,45.61221913870266
spectra/48401422_sws.pkl,0.41039587249893833,157.73605735027735,85.2108126842131
spectra/48601302_sws.pkl,4.786924722656411,74.80693827879699,56.65056732054144
spectra/48700267_sws.pkl,10.941943712681725,44.629515176646976,33.482434448911505
spectra/48700507_sws.pkl,-11.19067029039687,146.22320991942232,47.40017773379432
spectra/48800628_sws.pkl,-2.037890884123128,78.4029009392272,73.79698781536851
spectra/48903903_sws.pkl,-0.02613732155590266,24.1311264391776,12.322283866317242
spectra/49100106_sws.pkl,4.708340847330168,63.737964487910716,55.73576658092991
spectra/49101004_sws.pkl,-4.5992870598020446,12.583529692502468,12.205177479141126
spectra/49101016_sws.pkl,-4.6454108137422185,14.097164964776658,18.742575778518876
spectra/49101017_sws.pkl,-3.3449532819328884,19.264056285864125,15.95497589461091
spectra/49300513_sws.pkl,-4.821290773554939,16.00206900064006,15.948815957996601
spectra/49301104_sws.pkl,-5.597448420939333,26.41587897412842,27.028972869183022
spectra/49301902_sws.pkl,-7.672499008295143,17.303299410562218,14.386932973794794
spectra/49302109_sws.pkl,-17.443649602196686,61.580322987419116,32.51322980290871
spectra/49400104_sws.pkl,4.987994980420964,371.8493112266002,112.0931911546719
spectra/49401315_sws.pkl,-37.00456735154462,14.54386172123397,41.23183080972456
spectra/49500503_sws.pkl,13.180131422991156,57.311124943713935,43.61464284436252
spectra/49500513_sws.pkl,-5.013998924074111,11.461076860712438,10.085257018440458
spectra/49501016_sws.pkl,-4.741062915065289,30.60701427974624,31.27816536276724
spectra/49603004_sws.pkl,12.060819657532068,452.8208883591634,440.7600687016313
spectra/49700213_sws.pkl,-0.02048902571337769,20.55989798786761,17.23265742351405
spectra/49700214_sws.pkl,-1.4574382493868803,11.74454180783726,9.254914738974819
spectra/49800804_sws.pkl,5.519278349427508,129.32816797279605,49.601755652808116
spectra/49900640_sws.pkl,-4.2201031434935015,336.8561487524833,61.53711262139557
spectra/49900902_sws.pkl,11.35649542795526,2115.7444476856604,2089.5210153310272
spectra/49901206_sws.pkl,-2.5987432515701263,38.42846331153317,35.07548459107941
spectra/49901342_sws.pkl,109.79736030648213,462.80456194982804,335.69588375481993
spectra/50200604_sws.pkl,18.606675253108627,185.1279646114771,158.75730794621876
spectra/51301128_sws.pkl,1.3657835819340853,33.556444127446774,30.74234314947041
spectra/51301208_sws.pkl,-8.239883427287607,5.4646204368007,11.580101354984526
spectra/51401256_sws.pkl,123.49425637613666,1320.2405293221136,1196.746272945977
spectra/51401308_sws.pkl,85.09339137188394,735.0550072469102,634.6765588091216
spectra/51500478_sws.pkl,-1.8714632763685155,528.8996762216633,471.17178081785767
spectra/51500580_sws.pkl,-0.20622946114129745,151.7318150359784,132.79604930385904
spectra/51501501_sws.pkl,-6.408204223812912,16.505310756771255,13.665604879399195
spectra/51502010_sws.pkl,9.115476748824651,57.70794601610558,45.302617818324094
spectra/51600816_sws.pkl,-8.411022969757049,6.747008824266751,8.187808897987484
spectra/51600915_sws.pkl,-1.988844326335789,17.499345919396653,12.807963912298478
spectra/51601005_sws.pkl,42.27249987733154,108.30801127269181,63.39292616357545
spectra/51601520_sws.pkl,-5.450631954018134,124.2733330738492,123.47171349503145
spectra/51800719_sws.pkl,11.449402596389593,95.32916954318046,81.82320741675639
spectra/51801475_sws.pkl,-13.265479146239295,8.670997913077588,16.29486156577063
spectra/51801556_sws.pkl,11.098840838491494,148.39943185453558,130.1616018265903
spectra/52000234_sws.pkl,22.43833887690969,877.4675273803969,817.9047996160232
spectra/52000423_sws.pkl,4.703940997745085,57.3062767218536,49.07388442774928
spectra/52000546_sws.pkl,9.10029665774068,33.43352468983183,20.244097034110077
spectra/52000931_sws.pkl,-0.9089845934730895,38.658502266092576,34.919059731605685
spectra/52201283_sws.pkl,2.2936237881074817,58.81347187677783,43.10418439827613
spectra/52300444_sws.pkl,7.12427214466339,65.0962816122456,54.69621556567721
spectra/52300905_sws.pkl,34.72758697901422,137.03166817473726,97.95336788516857
spectra/52301106_sws.pkl,9.062212909892834,94.93299816846687,82.98320824069299
spectra/52301201_sws.pkl,2.643960206562031,54.85241190669783,48.80217410281182
spectra/52302017_sws.pkl,-3.306199033534134,23.177358312585653,17.94172637077749
spectra/52404014_sws.pkl,-14.657185950420477,6.933946009857749,16.218634706845336
spectra/52501428_sws.pkl,6.859058362736978,65.44654094972167,56.60651727815752
spectra/52600105_sws.pkl,-3.679695352950214,10.7373162506628,11.588934291117944
spectra/52600445_sws.pkl,-3.13446678734512,20.647402298409116,12.749317314072467
spectra/52600503_sws.pkl,-3.3721531918703835,17.343774509949796,17.874055079515177
spectra/52600868_sws.pkl,19.096909296672237,58.88070892116249,31.845013167357884
spectra/52601240_sws.pkl,-7.740068347633091,10.025264562407529,14.401315164411411
spectra/52601347_sws.pkl,7.426672209786273,115.355428104577,99.15700282145976
spectra/52601618_sws.pkl,8.529037272213213,52.42112181084163,40.04263372333951
spectra/52601705_sws.pkl,49.756105384356275,89.3906122395035,35.372983115415266
spectra/52601908_sws.pkl,-5.609522461822703,7.475657438150019,9.068536745868261
spectra/52700822_sws.pkl,-2.6702355145477603,21.978942103351073,15.550143252335808
spectra/53000214_sws.pkl,58.80362736276308,938.2493819644253,879.4457546016622
spectra/53000406_sws.pkl,-2.2829740751693337,20.636532143677687,22.490458295566846
spectra/53001684_sws.pkl,-7.7627572197229995,14.380902724036149,19.56969625785673
spectra/53200677_sws.pkl,9.084577110701002,47.30971885283645,35.51750451504485
spectra/53400105_sws.pkl,69.38156700789473,463.5196870143789,394.1381200064842
spectra/53400617_sws.pkl,8.87211355982899,45.33213532191706,34.72698140121904
spectra/53400809_sws.pkl,71.62033312531497,532.5413844236776,429.1535964862403
spectra/53500647_sws.pkl,16.3450626397222,124.7754461428805,101.08632238001923
spectra/53501243_sws.pkl,89.4691485910537,776.6259837296892,687.1568351386355
spectra/53502929_sws.pkl,8.525926424078946,102.05798147489291,91.63054345052879
spectra/53601009_sws.pkl,-0.3156234467515654,9.513066135380287,7.615123750678098
spectra/53701377_sws.pkl,-11.961552358645944,9.700333112133738,18.825635033054294
spectra/53701751_sws.pkl,-6.577696101976557,61.03613462304219,61.96907996807085
spectra/53702031_sws.pkl,-3.988445546409812,77.59897309312043,81.57138772588183
spectra/53802302_sws.pkl,70.81352460766472,2563.117392981882,2492.303868374217
spectra/53904667_sws.pkl,10.837783233536285,66.53040983942405,53.44623165502951
spectra/53904837_sws.pkl,1.4443040454900935,34.53206499715624,31.753467875096
spectra/54101201_sws.pkl,87.92805910455793,1095.1115699174898,947.3652637679891
spectra/54200304_sws.pkl,0.9528914565208371,83.47484230564342,82.52195084912259
spectra/54300203_sws.pkl,3.2338705619036596,194.7496311483843,186.3420651894278
spectra/54600104_sws.pkl,14.92548927330845,202.04063490259753,179.8376082315379
spectra/54600211_sws.pkl,7.793634039877373,41.2724003038845,31.372786392503713
spectra/54600353_sws.pkl,-4.697189042223098,25.103371992861987,25.945724768036825
spectra/54600354_sws.pkl,-8.0000588836993,10.387612147546616,15.152446442135059
spectra/54600506_sws.pkl,0.08777381901368543,163.63259886801688,157.188862774244
spectra/54601206_sws.pkl,7.008103591136827,26.990818966303962,18.845479129127217
spectra/54700107_sws.pkl,10.36099315589177,84.67854458799711,71.12168926885468
spectra/54701810_sws.pkl,-4.069911986372809,18.93633283834501,20.455597810193254
spectra/54900858_sws.pkl,-12.181128500914626,24.68544227167967,33.506400372815136
spectra/54901434_sws.pkl,-12.094462227353326,200.35377221124176,212.44823443859508
spectra/55100705_sws.pkl,20.036091127466626,1110.7695637992601,1090.7334726717936
spectra/55102706_sws.pkl,5.779157045273106,43.89430722388399,34.97399312426785
spectra/55501379_sws.pkl,19.7140930363745,358.7008148379831,328.6337539515389
spectra/55502138_sws.pkl,11.931991699941081,117.25461094773945,105.091372413724
spectra/55502308_sws.pkl,24.2725250060688,340.08751436577063,315.26357573694054
spectra/55702018_sws.pkl,-1.4486511686846828,15.978900686678916,14.586231322825375
spectra/55800537_sws.pkl,-0.37137848351243286,1966.0136577951462,1272.1431120204843
spectra/56100849_sws.pkl,4.289473296502959,132.87832863244805,124.73597201634416
spectra/56100935_sws.pkl,-0.08460478536284016,34.834324151138226,33.24518728404503
spectra/56101082_sws.pkl,8.66516391754,259.1601766826959,239.49427869758415
spectra/56200926_sws.pkl,58.46431717368507,955.3852073995164,874.2518012322857
spectra/56300507_sws.pkl,-12.52628480560908,20.933713936358984,32.08618730760483
spectra/56401807_sws.pkl,-2.1226672305355754,18.609730866818605,8.942821113863346
spectra/56401808_sws.pkl,-2.2238633365311355,18.67149886730367,10.496783733577306
spectra/56701336_sws.pkl,4.602243968407926,24.432440339628148,14.468659317285521
spectra/56900115_sws.pkl,14.406298888942159,269.13316903085297,238.6522403520495
spectra/57101109_sws.pkl,-6.252076405992255,11.038194125851259,12.215654315184345
spectra/57302210_sws.pkl,-6.649550304556003,19.557891271197807,16.89661552497678
spectra/57401003_sws.pkl,15.498764055410629,205.3424958111739,188.83658706803047
spectra/57401207_sws.pkl,33.176525110749076,128.44284996787079,88.77961227169794
spectra/57501031_sws.pkl,108.61689217216893,1340.949750498275,1232.3328583261061
spectra/57702107_sws.pkl,-6.539397763910027,13.648075088213139,19.35714036525674
spectra/57702302_sws.pkl,-0.48222794342105574,584.401409436633,557.6184046266254
spectra/57801111_sws.pkl,-10.48013672849458,5.457752423379489,11.223895608673896
spectra/58400304_sws.pkl,-3.5506683222751754,18.44144849454998,21.28457014924815
spectra/58900918_sws.pkl,551.4110388926417,7857.676515973999,7306.265477081357
spectra/59501909_sws.pkl,101.80191347689521,875.0706146802439,752.6393999541685
spectra/59502003_sws.pkl,-3.600496208559858,16.58977209037204,13.968569968999642
spectra/60200502_sws.pkl,17.113608961215977,316.80625308861875,297.3680671040769
spectra/60400709_sws.pkl,-2.6536414430420954,12.481530797231683,12.024586084021614
spectra/60600505_sws.pkl,9.677406288482022,443.07613723914704,424.6994610774684
spectra/60600607_sws.pkl,-0.5584248951888698,121.7187846468515,107.64166173484297
spectra/60700604_sws.pkl,1.9691545775113601,25.706857964935356,14.766655115823067
spectra/60700908_sws.pkl,2.396340253109694,27.551707874465222,14.51499246888507
spectra/60701101_sws.pkl,10.52471659082673,71.63158389019948,58.5934821724811
spectra/60701604_sws.pkl,0.07547577225618567,22.518849654344358,15.799011860760917
spectra/60702006_sws.pkl,7.533308067927558,577.3921308007671,569.8588227328396
spectra/60702103_sws.pkl,8.746859547618872,30.544705135977413,20.251651281984596
spectra/60900804_sws.pkl,50.19058007842746,2143.630213209627,2093.4396331312
spectra/60901001_sws.pkl,-1.3489367213809709,16.703949303317028,12.059979718497974
spectra/61301076_sws.pkl,-5.23899672181125,31.172197425051685,30.795435189901667
spectra/61301202_sws.pkl,4.284859211844517,27.11482731918091,16.203881524621757
spectra/61400401_sws.pkl,-2.118510592868331,10.658338704064269,8.82433570627287
spectra/61601203_sws.pkl,-12.057126926230033,4.931365040582003,16.359748741216528
spectra/61601503_sws.pkl,4.7098242820864,20.673420242180374,14.807327163259371
spectra/61702401_sws.pkl,-3.6104186597308443,11.076415656054413,11.49874541585948
spectra/61702702_sws.pkl,8.095794755884327,72.27465733621943,62.61416475193129
spectra/61801207_sws.pkl,-5.620047974659118,16.084842002237014,13.735188485803096
spectra/61801318_sws.pkl,0.2654126310544535,62.829404815874206,61.511406877617496
spectra/61802102_sws.pkl,-6.111706745974407,8.36293928595314,9.955273130124525
spectra/62301505_sws.pkl,-0.9909550670860372,17.964862780207216,17.696056705917705
spectra/62301808_sws.pkl,11.77054360534026,33.79721357426244,21.15765088796791
spectra/62301907_sws.pkl,0.8527679177973377,44.52619244697209,41.60646007429296
spectra/62401303_sws.pkl,7.270698066980907,134.62280883524411,77.89358685110491
spectra/62401512_sws.pkl,-2.439771198194365,10.129576693334105,11.823917488462904
spectra/62702122_sws.pkl,236.24188197449485,1589.8466648144902,1298.1627119780828
spectra/62802937_sws.pkl,-12.350555228963605,6.399640446655257,17.27968517839947
spectra/62803102_sws.pkl,-3.6497098262110477,13.988250053730821,17.237099374366966
spectra/62803223_sws.pkl,-6.080162419528259,11.340723584785916,13.381391839528831
spectra/62803904_sws.pkl,5.265482044726748,183.36974937164948,170.9363508459325
spectra/62804032_sws.pkl,5.4300996589405015,65.37627955561852,59.946179896678025
spectra/62804104_sws.pkl,3.22474361462664,138.77579805817714,84.55296801299073
spectra/62804321_sws.pkl,0.9650397422160755,83.87782573514137,40.648247140807754
spectra/62902503_sws.pkl,3.902656436486089,142.6870119037473,135.30897616502526
spectra/63103501_sws.pkl,20.68606330362131,127.00098308820749,96.93101969574553
spectra/63300301_sws.pkl,-0.14696469366333373,37.01080178076504,25.456266062439198
spectra/63501206_sws.pkl,-2.727422002546287,9.025364945983698,5.812417330541154
spectra/63602102_sws.pkl,46.39286315268874,1920.6656165183288,1862.881689843759
spectra/63702553_sws.pkl,0.3749506064216557,449.3511629685691,447.4969652654014
spectra/63702662_sws.pkl,22.17402065825739,134.42737152918633,105.13713615226095
spectra/64001445_sws.pkl,24.905645363770446,193.86374156313937,163.15012770044325
spectra/64001804_sws.pkl,48.20844682335399,595.7712858461074,544.2968893151531
spectra/64100101_sws.pkl,60.86903412014746,1252.464217310518,1184.6574876272548
spectra/64100102_sws.pkl,-21.829968791432794,261.73163032719714,277.4194488448343
spectra/64100103_sws.pkl,84.96878175487477,473.5075232235026,388.5387414686278
spectra/64100104_sws.pkl,57.890105909666964,1773.060641564282,1715.170535654615
spectra/64101912_sws.pkl,-9.628407417901874,16.449864731303258,25.480672331828966
spectra/64101913_sws.pkl,-3.5618853003757356,9.208327634510093,7.18834067795047
spectra/64402513_sws.pkl,-13.424251565492915,189.86160368593448,195.17976845316173
spectra/64500205_sws.pkl,11.779798152342293,275.59182730549225,257.0713662610614
spectra/64500309_sws.pkl,-4.331332128266864,8.25415829868697,11.417798770321323
spectra/64500811_sws.pkl,5.644206868709087,47.72288226921897,42.07867540050988
spectra/64501104_sws.pkl,3.516494527758366,35.571077772060505,27.11222981195026
spectra/64501216_sws.pkl,-6.439390204643115,12.072378873296095,12.171260032752974
spectra/64600609_sws.pkl,4.683768067508349,2423.224415909688,2016.664117750151
spectra/64601230_sws.pkl,1.987684348115401,94.68169093514858,91.17970064408789
spectra/64601301_sws.pkl,1.180169389968601,103.79924567897888,102.61907628901028
spectra/64701504_sws.pkl,1.8399620012779716,21.504995238576768,12.02157844602817
spectra/64701801_sws.pkl,-1.5414507719596862,36.59997003043634,26.71379880326089
spectra/64701904_sws.pkl,34.8507346471498,388.25520444882176,336.154828538495
spectra/64702216_sws.pkl,-2.094927890430856,23.85769095256961,20.754614356554423
spectra/64702301_sws.pkl,10.823776511146441,3105.7694199637795,3065.992137595548
spectra/64801905_sws.pkl,5.9587946316392015,996.6941447138076,915.8687330917517
spectra/64900206_sws.pkl,-5.974253544372061,10.938075078496219,16.601048236169778
spectra/64900829_sws.pkl,0.5761031004562582,54.149304547679996,52.52486850132523
spectra/65201411_sws.pkl,0.4333510161082741,16.327937113372837,9.607058351759767
spectra/65201412_sws.pkl,-1.169405711450472,32.798675636915,23.418318948292494
spectra/65201413_sws.pkl,-6.085331983897497,22.667842833444727,22.575908471070306
spectra/65201414_sws.pkl,-1.4885535142604536,21.662457738482647,16.114864101884905
spectra/65201807_sws.pkl,-1.5693482583000933,152.38383977985586,145.0169260204315
spectra/65201959_sws.pkl,11.204134271327503,118.20360801944156,92.05676107215493
spectra/65400106_sws.pkl,-11.687413634371433,4.354143378151566,14.08390403140418
spectra/65602309_sws.pkl,-8.003563407000124,16.196647306674905,23.461884295688975
spectra/65602310_sws.pkl,-38.80690957969561,4.88132888369701,41.45135408890417
spectra/65902719_sws.pkl,-1.7426627606565859,132.3593395750001,133.52983898158146
spectra/66001999_sws.pkl,2.015372584132215,209.9802933259971,207.17062876734377
spectra/66101436_sws.pkl,74.20469905066736,1040.8960966692316,966.6913976185642
spectra/66300110_sws.pkl,-3.2016354741337265,39.70793749369645,37.50715468822973
spectra/66300214_sws.pkl,-4.967270059674355,15.411682000200871,15.168209275588614
spectra/66301815_sws.pkl,5.511035781602733,37.38049349083891,30.63967211134418
spectra/66302638_sws.pkl,-3.691364866487345,15.424516878215051,16.487491245071396
spectra/66500410_sws.pkl,-8.20909641607229,8.218727789566788,13.771903770556294
spectra/66500511_sws.pkl,-1.2679492745505858,22.365444631624495,19.614573789338436
spectra/67301204_sws.pkl,-2.4199227105035908,37.622106806901186,32.37321234814348
spectra/67301306_sws.pkl,-9.81873632046541,62.65846973423529,69.4410218832613
spectra/67404126_sws.pkl,4.972560837533217,123.09885732546336,110.26218616170691
spectra/67501241_sws.pkl,-2.895823052226877,54.0711239095789,53.46933809367959
spectra/67600104_sws.pkl,9.10437129718345,136.34354889162398,125.30435100304624
spectra/67600406_sws.pkl,95.16382747967644,504.00045586143614,408.8366283817597
spectra/67601733_sws.pkl,-1.0380883164215136,39.395855135466014,38.19134605330361
spectra/67700102_sws.pkl,-6.670066465028087,11.17640170618914,10.39206148097475
spectra/67700503_sws.pkl,2.0446969909226342,561.5901576382644,437.525643992627
spectra/68000503_sws.pkl,14.586505424694764,93.06691610149629,77.87482547573444
spectra/68001206_sws.pkl,9.728312031582785,97.54114949406103,69.37486143683265
spectra/68100312_sws.pkl,0.14202527361422887,22.55412518534932,20.343677189516058
spectra/68101016_sws.pkl,3.13826453242894,58.27630165982465,53.06889231042287
spectra/68300101_sws.pkl,-2.121963979050589,20.845489683450914,22.018175327614003
spectra/68401252_sws.pkl,-6.067641833695532,27.573552491647675,28.338291487081577
spectra/68600302_sws.pkl,-0.211318649815052,31.848194171045122,28.034604221955014
spectra/68701515_sws.pkl,54.039185896666815,14516.471173115639,14343.053736729249
spectra/68800128_sws.pkl,1.9934811812755215,131.16552244618535,125.40368634324952
spectra/68800561_sws.pkl,23.461805539150863,2290.837864129161,2256.855792536044
spectra/68900196_sws.pkl,0.98089707152633,34.21554599001464,28.627979970734614
spectra/68901006_sws.pkl,102.3438435606787,56196.71679067181,55727.85893473946
spectra/68901202_sws.pkl,6.063301388401256,509.21878926988364,503.1554878814824
spectra/69201980_sws.pkl,373.8328592339297,5857.456605688647,5420.736036443548
spectra/69500110_sws.pkl,116.0641823238558,1409.4784669223557,1266.210940169783
spectra/69500515_sws.pkl,-3.267343433320795,10.101520254857098,6.092401691690884
spectra/69501070_sws.pkl,171.48543781684802,937.9580939342093,698.94110579415
spectra/69501139_sws.pkl,-4.671523690697626,14.177608648731889,16.460792350268306
spectra/69501409_sws.pkl,4.777876940971715,2136.3141929046556,1611.9655357663437
spectra/69501806_sws.pkl,7.826218633275407,1958.3729711375133,1937.3567687070954
spectra/69502005_sws.pkl,4.761439556831438,836.4404184725281,737.0573444972349
spectra/69502108_sws.pkl,8.10015000523199,2103.3473369501594,1695.112415441751
spectra/69502207_sws.pkl,18.01913037589028,2581.995709335269,2368.6184628291057
spectra/69702604_sws.pkl,1.0273766190470583,21.64018510670969,12.272677367625574
spectra/69703802_sws.pkl,-6.009208569176357,21.583659672332185,26.511864055312603
spectra/69901113_sws.pkl,-0.9991173610808151,61.417534748157344,60.81303241620049
spectra/70001308_sws.pkl,1.0486044821658556,34.69616727552941,33.13891727871383
spectra/70001401_sws.pkl,-5.179454533190332,15.806134573404295,9.523962638528833
spectra/70201801_sws.pkl,144.69074807785424,568.7030249983094,335.75239193780953
spectra/70300475_sws.pkl,3.0344910125429556,245.0567900523219,86.5802939362441
spectra/70301807_sws.pkl,48.29592664260814,652.1151913635375,570.3600914697676
spectra/70302306_sws.pkl,-5.901798472604086,17.161087111417377,14.460745499281177
spectra/70302403_sws.pkl,-3.8021755881656873,23.09031341987001,14.018799800738908
spectra/70400558_sws.pkl,57.19030529358946,223.68244508619455,155.82937125614012
spectra/70800234_sws.pkl,107.04675355624364,194.9540508421669,86.73318223163453
spectra/70900322_sws.pkl,-16.74669363664932,25.146244456059804,38.540820804630805
spectra/70901305_sws.pkl,4.920732208364929,1300.989571890244,1290.0101523429566
spectra/71002102_sws.pkl,8.234358886035723,81.9023966034338,69.43216829363823
spectra/71100888_sws.pkl,-1.9404366206730312,382.30130821310775,319.2402164342644
spectra/71101712_sws.pkl,47.83621608736898,4113.892385097452,4030.2831640710756
spectra/71101992_sws.pkl,25.930483663052183,171.36314152729213,139.0631554275973
spectra/71102004_sws.pkl,24.847529959449716,2364.815390793828,2333.009439762365
spectra/71200120_sws.pkl,226.16104766024247,509.193350288709,270.0159182855649
spectra/71200614_sws.pkl,-12.617613450092984,11.29967349092565,16.741364270086866
spectra/71502003_sws.pkl,3.6039006219215035,70.29154198456833,64.32064641393866
spectra/71602537_sws.pkl,-1.8715885129200496,27.340195561086894,26.22917738038717
spectra/71602619_sws.pkl,86.26553013901916,578.2535933724743,489.42205600636515
spectra/71800602_sws.pkl,11.952352163579258,101.0028258397686,86.66752702803714
spectra/71901011_sws.pkl,-2.0651184159356193,11.890594994171563,10.162672061030282
spectra/72200805_sws.pkl,-33.869998931884766,18.15706808557837,41.92950301963357
spectra/72201607_sws.pkl,75.6324903676028,217.75393432059704,123.01556110658277
spectra/72201901_sws.pkl,5.074502495872876,200.68555595868045,163.67379171972175
spectra/72301501_sws.pkl,2.704143346517967,17.134544645076097,9.605228448020197
spectra/72401201_sws.pkl,1.0661218611160619,12.821860388248263,7.648551785238894
spectra/72500754_sws.pkl,-9.526937508564808,8.18647025139292,12.16390334692968
spectra/72501762_sws.pkl,-4.153587792912135,280.0637653635424,37.47673650614127
spectra/72802231_sws.pkl,10.41559786539328,143.51880810374985,133.0836168314924
spectra/72902207_sws.pkl,14.172758256464803,511.1063212528522,496.93356299638737
spectra/73000622_sws.pkl,12.051718407992793,46.44804714359592,32.586922819690564
spectra/73102513_sws.pkl,0.714114095274757,17.569238720248666,10.740496529568068
spectra/73103039_sws.pkl,6228.36394589396,12025.776633153791,5592.024860746305
spectra/73200811_sws.pkl,4.294047509510918,90.63242287719865,86.33837536768772
spectra/73201510_sws.pkl,10.914294568795084,224.17696114408096,213.2626665752859
spectra/73201716_sws.pkl,-7.378916471221181,124.21889582046923,131.59781229169042
spectra/73402079_sws.pkl,0.32028471258157837,40.02344520866816,37.758275578989114
spectra/73500129_sws.pkl,17.28855683035897,226.65071265840115,209.3621558280422
spectra/73501035_sws.pkl,7.75805856621462,73.95839542877455,63.02100322897392
spectra/73600222_sws.pkl,-1.5297160496051638,18.333154569285373,12.130962149160013
spectra/73600323_sws.pkl,3.0226989936588557,14.6028427216565,6.054573611389706
spectra/73600404_sws.pkl,6.639310195592134,56.45127925799122,43.33785959402033
spectra/73600518_sws.pkl,-6.802491354377619,35.22130633540207,40.66880241217927
spectra/73600709_sws.pkl,3.076548606866904,104.12779807629843,95.58742880821632
spectra/73801242_sws.pkl,2.049629290478206,206.5516994539359,70.66633153639941
spectra/74005215_sws.pkl,-1.9441441084087279,99.65240145877007,101.5965455671788
spectra/74102309_sws.pkl,17.006226660789356,102.58326946393454,77.2546801301053
spectra/74103105_sws.pkl,2787.3833784798567,5766.80132547076,2820.892377581687
spectra/74300825_sws.pkl,0.38147928965585653,15.445292184657598,7.807005884510626
spectra/74500512_sws.pkl,1.61196918169507,156.5665300656244,150.04266327910796
spectra/74500605_sws.pkl,31.442392229676745,272.93290235106826,241.4905101213915
spectra/74500903_sws.pkl,2.520774097861439,27.01388973544176,18.844602278283155
spectra/74501718_sws.pkl,-9.22057333223271,11.248107268729154,15.677135762166118
spectra/74600408_sws.pkl,-11.414852981167826,6.2293353892314665,13.240062212806045
spectra/74601307_sws.pkl,-2.096079643039213,21.115902693248277,15.844234380281673
spectra/74601883_sws.pkl,6.480915369503771,58.942264023080966,49.04681526961134
spectra/74602095_sws.pkl,-8.768094878257884,1.125556747493741,8.942551813924261
spectra/74602101_sws.pkl,73.30980925297973,1054.0259843323606,972.0661471890344
spectra/74803701_sws.pkl,-4.948155904172085,7.916541108605405,6.468623995558239
spectra/74901823_sws.pkl,-2.4319781453774567,11.435986945594227,10.76067965704273
spectra/75100424_sws.pkl,41.27281426806112,665.2381567335854,601.653711069248
spectra/75100641_sws.pkl,-16.653658381412114,9.608404372103644,20.664527347957822
spectra/75100642_sws.pkl,-1.1128778227936806,16.384049266438478,14.357896913311551
spectra/75100643_sws.pkl,-4.644156889709597,15.241464494869408,18.289361337847854
spectra/75600502_sws.pkl,13.493424223521659,158.18456807503506,138.12996982205027
spectra/75601205_sws.pkl,-2.4206329732508993,6.204405062711958,5.904590586231798
spectra/75700419_sws.pkl,11.65359843821525,312.6483280772729,297.3694706654335
spectra/76101413_sws.pkl,735.8924521323246,1833.322906432964,1068.6291270232766
spectra/77602302_sws.pkl,-15.82146238177085,9.685049304523352,22.22704347148745
spectra/77700106_sws.pkl,-0.8604250393408334,32.15623502433485,13.392255176700257
spectra/77800625_sws.pkl,-2.021171563945233,140.02432773842878,141.94707764473725
spectra/77800722_sws.pkl,9.04043923417839,69.99044360104192,57.44194921919062
spectra/77900836_sws.pkl,10.420577793734331,76.02320292785772,62.939041646754504
spectra/77900911_sws.pkl,9.920174775770805,30.511893921447573,19.27653567345187
spectra/78200427_sws.pkl,15.069752383415514,208.38690396173888,193.31715157832338
spectra/78200523_sws.pkl,54.81610873206501,169.50554867874104,109.88357052789263
spectra/78201008_sws.pkl,-1.777747146447676,19.155590516929383,16.703314081325576
spectra/78201606_sws.pkl,-6.708115956873223,60.0272369197725,66.08369477796398
spectra/78800604_sws.pkl,10.096105667646437,225.4934127987545,206.0860021576901
spectra/78800709_sws.pkl,10.206389649739387,2360.7527304081377,2050.1881469200252
spectra/78800921_sws.pkl,8.774401247378528,29.04516687211695,17.133620196170895
spectra/79200268_sws.pkl,9.202897292888718,54.349586523430695,44.29536045499416
spectra/79501002_sws.pkl,17.323185262627423,789.8996652451988,765.4146569294198
spectra/79501105_sws.pkl,17.193318570585237,855.5166632983027,838.3233447277174
spectra/79702803_sws.pkl,18.504578460837717,639.1676837024041,619.6694600159219
spectra/79901510_sws.pkl,-0.7130854424546862,22.67444451340642,22.62557603534101
spectra/80000104_sws.pkl,46.25552650735822,1070.375744890207,1008.1104202585366
spectra/80000938_sws.pkl,-0.692063207594312,16.439487402475905,14.773846988795611
spectra/80002450_sws.pkl,14.25847856898216,100.36026445185527,79.10822104295013
spectra/80002504_sws.pkl,-2.2707808652631365,48.2076510198791,33.96429364249682
spectra/80104817_sws.pkl,2.1676790422520624,25.896031599160732,21.894331241495692
spectra/80501620_sws.pkl,-1.9118677952252257,102.13315855448089,103.6364280549603
spectra/80600924_sws.pkl,23.784464868428888,640.8111202357045,615.079920787017
spectra/80700751_sws.pkl,-6.1926465731237945,14.612793954726865,14.704928468252973
spectra/80800708_sws.pkl,10.481554935122093,35.64596886484297,23.95110276030278
spectra/81001108_sws.pkl,9.242683685261834,111.07937594218696,101.58207405599359
spectra/81002351_sws.pkl,109.54209396657892,535.4278732954559,402.5424173441354
spectra/81002721_sws.pkl,-13.523702522277317,18.354543943048373,31.158413779209518
spectra/81002824_sws.pkl,-2.4058057411020872,11.015097725148104,10.222337778626475
spectra/81100302_sws.pkl,3.331995284201554,433.2555726513385,429.923577367137
spectra/81102402_sws.pkl,-3.9457124586123498,13.815451608191413,9.837212264751368
spectra/81400201_sws.pkl,49.49221250242356,135.92563284601525,74.30370650200791
spectra/81600133_sws.pkl,30.9635235833939,153.34080831102682,111.63579733978676
spectra/81601210_sws.pkl,306.2944203724449,620.0079577947173,304.1521281917684
spectra/82001817_sws.pkl,20.97422654676981,396.4584064025359,365.69148632307997
spectra/82100309_sws.pkl,-0.03597054442679163,36.02341414476936,13.965609510817304
spectra/82301012_sws.pkl,1.5766476119045034,43.77421552935408,41.48026640846457
spectra/82401612_sws.pkl,-3.802498380453701,25.41718954329537,17.05069343096788
spectra/82401714_sws.pkl,-2.268944374521419,34.996911035119346,12.47847453385537
spectra/82602113_sws.pkl,-14.301024965977318,5.948132884097735,17.42318293674626
spectra/82602219_sws.pkl,-3.8985730883932668,24.741818301288973,20.496150793899712
spectra/82700405_sws.pkl,122.77225602248026,373.0347277754755,239.09653014455165
spectra/82700735_sws.pkl,11.451238716946943,96.24014481063853,84.7889060936916
spectra/82901301_sws.pkl,-6.002782872354719,256.36726866367655,249.78952356692963
spectra/83101507_sws.pkl,7.751136136262706,2354.298901531339,2187.8969193769863
spectra/83301240_sws.pkl,-2.646131450842695,22.565055080409113,21.450352286384927
spectra/83301505_sws.pkl,1.6699721700364514,123.82083193860106,122.15085976856463
spectra/83301701_sws.pkl,19.505605884928098,16671.571386069834,16519.255884747174
spectra/83401008_sws.pkl,3.4917185527029297,19.93535108362534,10.468830071560317
spectra/83501201_sws.pkl,-1.6612001765402709,18.805014681546503,11.457544886490393
spectra/83501603_sws.pkl,-1.4588667306166851,24.138579073308968,14.722870325377446
spectra/83701639_sws.pkl,-2.3316822836503426,10.215063140296387,9.154570348124764
spectra/83701909_sws.pkl,-2.579766153618179,11.949581747273092,11.060404219382223
spectra/83801219_sws.pkl,2.4962550119144047,16.846777362407572,10.250237011210356
spectra/83801504_sws.pkl,-36.80200266213098,9.280365931542159,37.47795351049531
spectra/83801755_sws.pkl,-10.309648688031942,16.13199017354555,20.439813249839432
spectra/83801807_sws.pkl,10.264848390223275,102.7257374409767,92.46088905075342
spectra/83802031_sws.pkl,-8.124660183337225,176.84603429110567,179.76257916781856
spectra/83901103_sws.pkl,-7.316452715455651,98.77089902130692,102.55706337852871
spectra/83901404_sws.pkl,1.469632169588324,17.9339424835998,12.037233373665131
spectra/84100301_sws.pkl,8.310823150305014,359.44184486229426,258.20996413865214
spectra/84101302_sws.pkl,-1.528389489072232,387.92421727249706,296.1682801194896
spectra/84300128_sws.pkl,91.99476754804745,2085.199906496211,1904.2473497414967
spectra/84300404_sws.pkl,5.243455024837616,3604.5193940291656,3562.134853183521
spectra/84700107_sws.pkl,6.759250552357707,94.60195997632093,87.37394819461281
spectra/84900929_sws.pkl,133.9186076259946,396.1116982421182,254.36620501845147
spectra/84901201_sws.pkl,-11.395926215117498,4.400752406087745,13.157227830548377
spectra/84901804_sws.pkl,-1.7503286192581016,36.9637346500136,34.449680875823574
spectra/84902106_sws.pkl,-6.721956908285075,28.742733290665075,20.350847536981227
spectra/85000523_sws.pkl,0.19371072931074537,15.304437849371295,12.63985943639636
spectra/85000604_sws.pkl,4.904604208981201,41.40459603525546,36.499991826274254
spectra/85303602_sws.pkl,3.5792790729781716,140.30524898831004,135.49879866101227
spectra/85403210_sws.pkl,3.9265515748705955,62.179364208879775,54.48232832020972
spectra/85600104_sws.pkl,0.3152451898726858,18.15146930431678,16.352641071984003
spectra/85700137_sws.pkl,-2.748758760256216,13.868942724319997,13.748568822615809
spectra/85700231_sws.pkl,-3.425736399400198,15.306939614663472,10.110465336248279
spectra/85700314_sws.pkl,-4.471128602119779,22.760355243517452,12.255709594740795
spectra/85700514_sws.pkl,39.889377226659285,700.0394648019268,660.1500875752675
spectra/85800120_sws.pkl,16.74535309899326,91.96913974389594,69.16548403202691
spectra/85800403_sws.pkl,7.35225001446605,148.60610817867243,140.35726750702557
spectra/85800502_sws.pkl,9.733051276315413,33.601854224623374,23.469145243299437
spectra/85801604_sws.pkl,11.82296539757324,342.92306901491884,317.2472179582502
spectra/86201803_sws.pkl,136.71311374173615,377.2310085114905,229.16646357756957
spectra/86201902_sws.pkl,0.25473709725377763,63.61000064961987,59.99012755450915
spectra/86202101_sws.pkl,18.078545669821345,96.40562600267505,78.32708033285371
spectra/86300810_sws.pkl,10.595689926913366,599.8928283883881,587.6532627548816
spectra/86300968_sws.pkl,7.799053177759915,258.0291502011769,248.6054346887141
spectra/86400616_sws.pkl,9.116204058867156,29.677354447531638,19.422535025331555
spectra/86500540_sws.pkl,1.4419302893082249,311.4348913129744,275.031843896708
spectra/86602401_sws.pkl,12.123533318497461,176.75473190524644,164.26425351473625
spectra/86603434_sws.pkl,5.693086654129085,64.90298322536677,59.20989657123769
spectra/86706617_sws.pkl,3.971793190246633,216.78580319445715,208.26552129606088
spectra/86801101_sws.pkl,9.62461775300379,56.15195512301292,44.36466599353686
spectra/86801303_sws.pkl,4.735633118886123,420.74785559468154,416.0122224757954
spectra/86901013_sws.pkl,46.824615226841125,99.42411650020045,42.88818512965908
spectra/87000939_sws.pkl,-1.5421365778445841,143.0635808026225,136.92159222365456
spectra/87102602_sws.pkl,26.06378398310155,92.99965432293429,62.887280263212354
spectra/87102906_sws.pkl,-8.954202029216074,14.70133786727179,11.735847812824124
spectra/87200109_sws.pkl,4.16700112730728,114.47337851412811,108.01331749995421
spectra/87200833_sws.pkl,0.3292947549797765,187.20287082937202,172.08824895725576
spectra/87201107_sws.pkl,-6.665674673654427,15.480374087263339,13.241830277624086
spectra/87201221_sws.pkl,99.73158834753629,617.6729818772043,498.4395256350733
spectra/87201305_sws.pkl,62.7086837862731,932.0393034703675,857.6005600923718
spectra/87201709_sws.pkl,-28.54011622845836,8.024343161922182,32.0269922112671
spectra/87601701_sws.pkl,5.385762054950498,9.6466239907817,3.086823323087044
spectra/87700401_sws.pkl,-1.4166491115892597,0.1415761728962653,1.5318005202349907
spectra/87700716_sws.pkl,266.4746366379087,268.16144181103886,1.4101768374873132
spectra/87901801_sws.pkl,-0.0962669498033888,0.44999998807907104,0.5462669378824598
