02400714
02400807
02400910
02401183
02401579
02402105
02800433
02800908
03201129
03201202
03602226
04000458
04000652
04001456
04001710
04002405
05200726
05601291
05602477
05602595
05602852
06000280
06001362
06401081
06800697
07100250
07100434
07100579
07200272
07200351
07200459
07200660
07201132
07900620
07900723
07901027
07901133
07901201
07901307
07901402
07901809
07902010
07902104
07902231
07902703
07902909
07903010
07903307
07903403
08000130
08000345
08000921
08001274
08001522
08001631
08001855
08001921
08002002
08101310
08101808
08200369
08200444
08200502
08200606
08200810
08201001
08201127
08201231
08201905
08202007
08202304
08202437
08302021
08400628
08400730
08400808
08401033
08401219
08402527
08402713
08402942
08403013
08501105
08501401
08502452
08902004
09101922
09101923
09101924
09101925
09102647
09200604
09200725
09200727
09200828
09400716
09401025
09401206
09401801
09401905
09402123
09500203
09500348
09500544
09500646
09502846
09604831
09801532
09900171
09900212
09900214
09900216
09900218
09901027
09901105
09901106
09901207
09901413
09901415
09901417
09901419
10100310
10101714
10101909
10200126
10200835
10201811
10201820
10201908
10300636
10400424
10400818
10401225
10401575
10402046
10402442
10402952
10600409
10600514
10601001
10703103
10802509
10802940
11101103
11101727
11103947
11105149
11301301
11301444
11401742
11402015
11501805
11600319
11601203
11701107
11701221
11701311
11702216
11800205
11800206
11801514
11801612
11802102
12000604
12000774
12101602
12102004
12103028
12200329
12202004
12302133
12302238
12302539
12402160
12500843
12601117
12601216
12601315
12601418
12601519
12601721
12700917
12701432
12702002
12801105
12801311
12801416
13001348
13201304
13400705
13400810
13401107
13401806
13401911
13402006
13402168
13501003
13502641
13502736
13600731
13600935
13601359
13601533
13601695
13601739
13601925
13602083
13602128
13900707
13901048
13901508
13901709
14100205
14100458
14100603
14100818
14101101
14101343
14300723
14302273
14302717
14400108
14400346
14401129
14401412
14401702
14401801
14601350
14800102
14800210
14801636
14802136
14900323
14900804
14901407
15000444
15001041
15101105
15200555
15200813
15201140
15201383
15201645
15201791
15301566
15900437
15901205
15901777
15901853
16000806
16000926
16001527
16401105
16401849
16402151
16402335
16402602
16700767
17000529
17001027
17100101
17100205
17100512
17101710
17101809
17101907
17102008
17200523
17201135
17300749
17301206
17400603
17600204
17600305
17600529
17601108
17601109
17701049
17701258
17800501
17800870
17800872
17800876
17801806
17900204
17902439
17902503
17902728
18000101
18100530
18100805
18101101
18101102
18101405
18205639
18300807
18300904
18301603
18500307
18500531
18500622
18500704
18800749
18900244
19001011
19200933
19501504
19700159
20000101
20201816
20601232
20601346
20601527
20601613
20700801
20700802
20700803
21100138
21304923
21900653
22000706
22000961
22001506
22001801
22001905
22002135
22101143
22400153
23001256
23001357
23001458
23200502
23300112
23300524
23701861
24001208
24001729
24002304
24201225
24402462
24402563
24402664
24402765
24402866
24402967
24403068
24403169
24403270
24403371
24403472
24601053
24700319
24701012
24701422
24800101
24800223
24800307
24800452
24800901
24801102
24900158
24900215
24900846
25000467
25302001
25302002
25302015
25302224
25400160
25400259
25400410
25500248
25600907
25601501
25806177
25900905
25900906
25901312
25901414
25901572
25901615
26000230
26000708
26200509
26300141
26300316
26301354
26301524
26301659
26301850
26302115
26601601
26700202
26700814
26800192
26800193
26800194
26800195
26800760
26801606
26801809
27200587
27200786
27300834
27300921
27301017
27301117
27301339
27503811
27601036
27602306
28101115
28101410
28200221
28200427
28300921
28301459
28301904
28500902
28501420
28501652
28502026
28700701
28701246
28701327
28800703
28801224
28900125
28900461
28900543
28901123
28901506
28901607
28902101
28902102
28902214
29000211
29101008
29101012
29101114
29201505
29201506
29302010
29400410
29400809
29401311
29402233
29402436
29402535
29501309
29501310
29602404
29701401
29701411
29701542
29701632
29702147
29801904
29900201
29900470
29900661
29900802
29901001
29901002
29902110
30003803
30101147
30201114
30400331
30401501
30600401
30601107
30601207
30601632
30800308
30801220
30801670
30802201
31101275
31101819
31201201
31301102
31301509
31404910
31601515
31800125
31800537
31801403
31901125
31901334
31901701
32000318
32000603
32001560
32002409
32002528
32200779
32200877
32301106
32301321
32301516
32301613
32301718
32400106
32400609
32400821
32401203
32601124
32601321
32700430
32701619
32702329
32702415
32900866
32900920
32901191
32901351
32901361
32901364
33000222
33000525
33100380
33101801
33102402
33200302
33300703
33300707
33300708
33400603
33402096
33402216
33504020
33504130
33504295
33601674
33601901
33701512
33800415
33900541
33901897
34101206
34201224
34209765
34300317
34301203
34301309
34400518
34400878
34401040
34401919
34402039
34501821
34601646
34601702
34601878
34602403
34602404
34602405
34801419
35000606
35000607
35001427
35101303
35102563
35200913
35201201
35500693
35500738
35500977
35501212
35501531
35700734
35701412
35801255
35801319
36000902
36001101
36100510
36100905
36401817
36600207
36601389
36601502
36701824
36701903
36801940
36802830
37102018
37200209
37200308
37300427
37400126
37401373
37401910
37600306
37600943
37704637
37800211
37800710
37801213
37801443
37801819
37802001
37802225
37900867
38101302
38101406
38101617
38101711
38101712
38102211
38201201
38201557
38202204
38300108
38300216
38300825
38301204
38301303
38301404
38302016
38302701
38302802
38303014
38402466
38405519
38405815
38500708
38501251
38501620
38501842
38600922
39400205
39401737
39500195
39500297
39501330
39502217
39502401
39600606
39601867
39601910
39802402
39901911
39902101
40001013
40001501
40201208
40201615
40201616
40201617
40201723
40300736
40400904
40401901
40503119
40800106
41100205
41200801
41300101
41300309
41400406
41401197
41401514
41500123
41600137
41600993
41601102
41601295
41602133
41602312
41602501
41702418
41800303
41801604
41801703
41801802
41801911
41802008
41802107
41901305
42100111
42100215
42200213
42201625
42201734
42300201
42300307
42300610
42300706
42300804
42301226
42301404
42301707
42301901
42401416
42500402
42500403
42602251
42602373
42604702
42701004
42701302
42701401
42800541
42801007
42801502
42902712
43305805
43306112
43306302
43306303
43306550
43400235
43400328
43400604
43400768
43402028
43402401
43501514
43502472
43502924
43600267
43600471
43600603
43600728
43600940
43700103
43700232
43700330
43700427
44004605
44202463
44301870
44301926
44401917
44402001
44500145
44500611
44804703
44804704
44900404
44900501
44901283
45000284
45002411
45101201
45200101
45401501
45501603
45501704
45501805
45601901
45701204
45800441
45800682
45800705
45801328
45801902
45900615
45900849
45901136
45901249
45901470
45901669
45902801
46000275
46000601
46000943
46200776
46200878
46300901
46300902
46301403
46401343
46600803
46601705
46900969
47000722
47100261
47101511
47101650
47101803
47101804
47201603
47201847
47202064
47300216
47301604
47600302
47601204
47700201
47700328
47700503
47800222
47801040
47801137
47801417
47801654
47901101
47901374
47901509
48000202
48002314
48101804
48300563
48300731
48300913
48301104
48301110
48301114
48400535
48401422
48601302
48700267
48700507
48800628
48903903
49100106
49101004
49101016
49101017
49300513
49301104
49301902
49302109
49400104
49401315
49500503
49500513
49501016
49603004
49700213
49700214
49800804
49900640
49900902
49901206
49901342
50200604
51301128
51301208
51401256
51401308
51500478
51500580
51501501
51502010
51600816
51600915
51601005
51601520
51800719
51801475
51801556
52000234
52000423
52000546
52000931
52201283
52300444
52300905
52301106
52301201
52302017
52404014
52501428
52600105
52600445
52600503
52600868
52601240
52601347
52601618
52601705
52601908
52700822
53000214
53000406
53001684
53200677
53400105
53400617
53400809
53500647
53501243
53502929
53601009
53701377
53701751
53702031
53802302
53904667
53904837
54101201
54200304
54300203
54600104
54600211
54600353
54600354
54600506
54601206
54700107
54701810
54900858
54901434
55100705
55102706
55501379
55502138
55502308
55702018
55800537
56100849
56100935
56101082
56200926
56300507
56401807
56401808
56701336
56900115
57101109
57302210
57401003
57401207
57501031
57702107
57702302
57801111
58400304
58900918
59501909
59502003
60200502
60400709
60600505
60600607
60700604
60700908
60701101
60701604
60702006
60702103
60900804
60901001
61301076
61301202
61400401
61601203
61601503
61702401
61702702
61801207
61801318
61802102
62301505
62301808
62301907
62401303
62401512
62702122
62802937
62803102
62803223
62803904
62804032
62804104
62804321
62902503
63103501
63300301
63501206
63602102
63702553
63702662
64001445
64001804
64100101
64100102
64100103
64100104
64101912
64101913
64402513
64500205
64500309
64500811
64501104
64501216
64600609
64601230
64601301
64701504
64701801
64701904
64702216
64702301
64801905
64900206
64900829
65201411
65201412
65201413
65201414
65201807
65201959
65400106
65602309
65602310
65902719
66001999
66101436
66300110
66300214
66301815
66302638
66500410
66500511
67301204
67301306
67404126
67501241
67600104
67600406
67601733
67700102
67700503
68000503
68001206
68100312
68101016
68300101
68401252
68600302
68701515
68800128
68800561
68900196
68901006
68901202
69201980
69500110
69500515
69501070
69501139
69501409
69501806
69502005
69502108
69502207
69702604
69703802
69901113
70001308
70001401
70201801
70300475
70301807
70302306
70302403
70400558
70800234
70900322
70901305
71002102
71100888
71101712
71101992
71102004
71200120
71200614
71502003
71602537
71602619
71800602
71901011
72200805
72201607
72201901
72301501
72401201
72500754
72501762
72802231
72902207
73000622
73102513
73103039
73200811
73201510
73201716
73402079
73500129
73501035
73600222
73600323
73600404
73600518
73600709
73801242
74005215
74102309
74103105
74300825
74500512
74500605
74500903
74501718
74600408
74601307
74601883
74602095
74602101
74803701
74901823
75100424
75100641
75100642
75100643
75600502
75601205
75700419
76101413
77602302
77700106
77800625
77800722
77900836
77900911
78200427
78200523
78201008
78201606
78800604
78800709
78800921
79200268
79501002
79501105
79702803
79901510
80000104
80000938
80002450
80002504
80104817
80501620
80600924
80700751
80800708
81001108
81002351
81002721
81002824
81100302
81102402
81400201
81600133
81601210
82001817
82100309
82301012
82401612
82401714
82602113
82602219
82700405
82700735
82901301
83101507
83301240
83301505
83301701
83401008
83501201
83501603
83701639
83701909
83801219
83801504
83801755
83801807
83802031
83901103
83901404
84100301
84101302
84300128
84300404
84700107
84900929
84901201
84901804
84902106
85000523
85000604
85303602
85403210
85600104
85700137
85700231
85700314
85700514
85800120
85800403
85800502
85801604
86201803
86201902
86202101
86300810
86300968
86400616
86500540
86602401
86603434
86706617
86801101
86801303
86901013
87000939
87102602
87102906
87200109
87200833
87201107
87201221
87201305
87201709
87601701
87700401
87700716
87901801
